   2.06085891354895      -0.333625713598364       8.166377583493376E-002
  1.307189161862079E-007 -4.609231354882551E-008 -0.125250156621572     
 -1.701905650075966E-007  3.585172005596276E-008  2.701222774056201E-002
 -5.852712036214563E-002  4.429725619119652E-008  1.325368951802288E-008
  4.238741466330195E-002 -1.416642154080584E-008 -1.281410913121255E-008
   2.98923351881085      -2.880839653841066E-007 -1.681356609138066E-007
  -2.72940453714557       3.637198189774837E-007  2.009436196343260E-007
   2.52442318807615      -3.917881107130947E-008  2.622334988594061E-007
  -1.71640904265228       4.321893031746918E-008   2.84812038772527     
  1.622780738952932E-007  8.685765085002168E-012  -2.38044640194376     
  0.679151077918184      -2.162527134470969E-007 -1.136257886319196E-007
  0.323820506481141       2.409944862763641E-009  0.544549747668643     
  0.000000000000000E+000  0.000000000000000E+000  0.000000000000000E+000
  0.000000000000000E+000  0.000000000000000E+000  0.000000000000000E+000
  0.000000000000000E+000  0.000000000000000E+000  0.000000000000000E+000
  0.000000000000000E+000  0.000000000000000E+000  0.000000000000000E+000
  0.000000000000000E+000  0.000000000000000E+000  0.000000000000000E+000
  0.000000000000000E+000  0.000000000000000E+000  0.000000000000000E+000
  0.000000000000000E+000  0.000000000000000E+000  0.000000000000000E+000
  0.000000000000000E+000  0.000000000000000E+000  0.000000000000000E+000
  0.000000000000000E+000  0.000000000000000E+000  0.000000000000000E+000
  0.000000000000000E+000  0.000000000000000E+000  0.000000000000000E+000
  0.000000000000000E+000  0.000000000000000E+000  0.000000000000000E+000
  0.000000000000000E+000  0.000000000000000E+000  0.000000000000000E+000
  0.000000000000000E+000  0.000000000000000E+000  0.000000000000000E+000
  0.000000000000000E+000  0.000000000000000E+000  0.000000000000000E+000
  0.000000000000000E+000  0.000000000000000E+000  0.000000000000000E+000
  0.000000000000000E+000  0.000000000000000E+000  0.000000000000000E+000
  0.000000000000000E+000  0.000000000000000E+000  0.000000000000000E+000
  0.000000000000000E+000  0.000000000000000E+000  0.000000000000000E+000
  0.000000000000000E+000  0.000000000000000E+000  0.000000000000000E+000
  0.000000000000000E+000  0.000000000000000E+000  0.000000000000000E+000
  0.000000000000000E+000  0.000000000000000E+000  0.000000000000000E+000
  0.000000000000000E+000  0.000000000000000E+000  0.000000000000000E+000
  0.000000000000000E+000  0.000000000000000E+000  0.000000000000000E+000
  0.000000000000000E+000  0.000000000000000E+000  0.000000000000000E+000
  0.000000000000000E+000  0.000000000000000E+000  0.000000000000000E+000
  0.000000000000000E+000  0.000000000000000E+000  0.000000000000000E+000
  0.000000000000000E+000  0.000000000000000E+000  0.000000000000000E+000
  0.000000000000000E+000  0.000000000000000E+000  0.000000000000000E+000
  0.000000000000000E+000  0.000000000000000E+000  0.000000000000000E+000
  0.000000000000000E+000  0.000000000000000E+000  0.000000000000000E+000
  0.000000000000000E+000  0.000000000000000E+000  0.000000000000000E+000
  0.000000000000000E+000  0.000000000000000E+000  0.000000000000000E+000
  0.000000000000000E+000  0.000000000000000E+000  0.000000000000000E+000
  0.000000000000000E+000  0.000000000000000E+000  0.000000000000000E+000
  0.000000000000000E+000  0.000000000000000E+000  0.000000000000000E+000
  0.000000000000000E+000  0.000000000000000E+000  0.000000000000000E+000
  0.000000000000000E+000  0.000000000000000E+000  0.000000000000000E+000
  0.000000000000000E+000  0.000000000000000E+000  0.000000000000000E+000
  0.000000000000000E+000  0.000000000000000E+000  0.000000000000000E+000
  0.000000000000000E+000  0.000000000000000E+000  0.000000000000000E+000
  0.000000000000000E+000  0.000000000000000E+000  0.000000000000000E+000
  0.000000000000000E+000  0.000000000000000E+000  0.000000000000000E+000
  0.000000000000000E+000  0.000000000000000E+000  0.000000000000000E+000
  0.000000000000000E+000  0.000000000000000E+000  0.000000000000000E+000
  0.000000000000000E+000  0.000000000000000E+000  0.000000000000000E+000
   2.06085938019535      -0.333627189937756       1.737273354772500E-007
 -8.166062238835306E-002  3.780382036965584E-008 -5.645557904837020E-007
  0.125244419229490      -7.902945099409175E-008  2.701233046603490E-002
 -3.717237412980389E-007  5.852531090661322E-002 -5.155997574269264E-009
  1.542114934453604E-007 -4.238631763830918E-002  1.674867339976259E-009
   2.52442342247899       1.538115086453780E-007  1.281237914266091E-007
  -1.71640873275399      -4.275397053427114E-008 -1.431709340240849E-007
   2.98923298577302       4.969386014322286E-008 -1.343699142467843E-007
  -2.72940332120348      -2.643615512723862E-008   2.84813541377841     
 -1.515049042659583E-007 -7.470818745277140E-008  -2.38047827698842     
  0.323820391677937       1.970554414015795E-008  1.024949554641502E-007
  0.679150451522128       1.044562173284968E-009  0.544560195627001     
  0.000000000000000E+000  0.000000000000000E+000  0.000000000000000E+000
  0.000000000000000E+000  0.000000000000000E+000  0.000000000000000E+000
  0.000000000000000E+000  0.000000000000000E+000  0.000000000000000E+000
  0.000000000000000E+000  0.000000000000000E+000  0.000000000000000E+000
  0.000000000000000E+000  0.000000000000000E+000  0.000000000000000E+000
  0.000000000000000E+000  0.000000000000000E+000  0.000000000000000E+000
  0.000000000000000E+000  0.000000000000000E+000  0.000000000000000E+000
  0.000000000000000E+000  0.000000000000000E+000  0.000000000000000E+000
  0.000000000000000E+000  0.000000000000000E+000  0.000000000000000E+000
  0.000000000000000E+000  0.000000000000000E+000  0.000000000000000E+000
  0.000000000000000E+000  0.000000000000000E+000  0.000000000000000E+000
  0.000000000000000E+000  0.000000000000000E+000  0.000000000000000E+000
  0.000000000000000E+000  0.000000000000000E+000  0.000000000000000E+000
  0.000000000000000E+000  0.000000000000000E+000  0.000000000000000E+000
  0.000000000000000E+000  0.000000000000000E+000  0.000000000000000E+000
  0.000000000000000E+000  0.000000000000000E+000  0.000000000000000E+000
  0.000000000000000E+000  0.000000000000000E+000  0.000000000000000E+000
  0.000000000000000E+000  0.000000000000000E+000  0.000000000000000E+000
  0.000000000000000E+000  0.000000000000000E+000  0.000000000000000E+000
  0.000000000000000E+000  0.000000000000000E+000  0.000000000000000E+000
  0.000000000000000E+000  0.000000000000000E+000  0.000000000000000E+000
  0.000000000000000E+000  0.000000000000000E+000  0.000000000000000E+000
  0.000000000000000E+000  0.000000000000000E+000  0.000000000000000E+000
  0.000000000000000E+000  0.000000000000000E+000  0.000000000000000E+000
  0.000000000000000E+000  0.000000000000000E+000  0.000000000000000E+000
  0.000000000000000E+000  0.000000000000000E+000  0.000000000000000E+000
  0.000000000000000E+000  0.000000000000000E+000  0.000000000000000E+000
  0.000000000000000E+000  0.000000000000000E+000  0.000000000000000E+000
  0.000000000000000E+000  0.000000000000000E+000  0.000000000000000E+000
  0.000000000000000E+000  0.000000000000000E+000  0.000000000000000E+000
  0.000000000000000E+000  0.000000000000000E+000  0.000000000000000E+000
  0.000000000000000E+000  0.000000000000000E+000  0.000000000000000E+000
  0.000000000000000E+000  0.000000000000000E+000  0.000000000000000E+000
  0.000000000000000E+000  0.000000000000000E+000  0.000000000000000E+000
  0.000000000000000E+000  0.000000000000000E+000  0.000000000000000E+000
  0.000000000000000E+000  0.000000000000000E+000  0.000000000000000E+000
  0.000000000000000E+000  0.000000000000000E+000  0.000000000000000E+000
  0.000000000000000E+000  0.000000000000000E+000  0.000000000000000E+000
  0.000000000000000E+000  0.000000000000000E+000  0.000000000000000E+000
  0.000000000000000E+000  0.000000000000000E+000  0.000000000000000E+000
  0.000000000000000E+000  0.000000000000000E+000  0.000000000000000E+000
  0.000000000000000E+000  0.000000000000000E+000  0.000000000000000E+000
  0.000000000000000E+000  0.000000000000000E+000  0.000000000000000E+000
  0.000000000000000E+000  0.000000000000000E+000  0.000000000000000E+000
  0.000000000000000E+000  0.000000000000000E+000  0.000000000000000E+000
   2.06085928383609      -0.333626823114543       1.227630856408253E-007
  8.166078707016616E-002  5.938014612650886E-008 -5.837025060241105E-007
 -0.125244555222185      -9.618972379388227E-009  2.701229999201518E-002
 -3.336252942507170E-007 -5.852552954049528E-002 -6.854426672475219E-008
  1.372779905606447E-007  4.238641653058487E-002  3.890618872080340E-008
   2.52442216377743       6.976352078276970E-008  1.049407676959339E-007
  -1.71640582715361      -9.508415203822432E-008 -1.321594171858846E-007
   2.98923126944198      -3.536212831743924E-008 -9.225725707897370E-008
  -2.72939940981536       5.741718584735539E-008   2.84813371288983     
 -9.184671609727683E-008  2.037046562523059E-009  -2.38047448560148     
  0.323819569003329       1.074494664441612E-007  7.867603098302267E-008
  0.679149075963974      -5.269661390477675E-008  0.544558949673201     
  0.000000000000000E+000  0.000000000000000E+000  0.000000000000000E+000
  0.000000000000000E+000  0.000000000000000E+000  0.000000000000000E+000
  0.000000000000000E+000  0.000000000000000E+000  0.000000000000000E+000
  0.000000000000000E+000  0.000000000000000E+000  0.000000000000000E+000
  0.000000000000000E+000  0.000000000000000E+000  0.000000000000000E+000
  0.000000000000000E+000  0.000000000000000E+000  0.000000000000000E+000
  0.000000000000000E+000  0.000000000000000E+000  0.000000000000000E+000
  0.000000000000000E+000  0.000000000000000E+000  0.000000000000000E+000
  0.000000000000000E+000  0.000000000000000E+000  0.000000000000000E+000
  0.000000000000000E+000  0.000000000000000E+000  0.000000000000000E+000
  0.000000000000000E+000  0.000000000000000E+000  0.000000000000000E+000
  0.000000000000000E+000  0.000000000000000E+000  0.000000000000000E+000
  0.000000000000000E+000  0.000000000000000E+000  0.000000000000000E+000
  0.000000000000000E+000  0.000000000000000E+000  0.000000000000000E+000
  0.000000000000000E+000  0.000000000000000E+000  0.000000000000000E+000
  0.000000000000000E+000  0.000000000000000E+000  0.000000000000000E+000
  0.000000000000000E+000  0.000000000000000E+000  0.000000000000000E+000
  0.000000000000000E+000  0.000000000000000E+000  0.000000000000000E+000
  0.000000000000000E+000  0.000000000000000E+000  0.000000000000000E+000
  0.000000000000000E+000  0.000000000000000E+000  0.000000000000000E+000
  0.000000000000000E+000  0.000000000000000E+000  0.000000000000000E+000
  0.000000000000000E+000  0.000000000000000E+000  0.000000000000000E+000
  0.000000000000000E+000  0.000000000000000E+000  0.000000000000000E+000
  0.000000000000000E+000  0.000000000000000E+000  0.000000000000000E+000
  0.000000000000000E+000  0.000000000000000E+000  0.000000000000000E+000
  0.000000000000000E+000  0.000000000000000E+000  0.000000000000000E+000
  0.000000000000000E+000  0.000000000000000E+000  0.000000000000000E+000
  0.000000000000000E+000  0.000000000000000E+000  0.000000000000000E+000
  0.000000000000000E+000  0.000000000000000E+000  0.000000000000000E+000
  0.000000000000000E+000  0.000000000000000E+000  0.000000000000000E+000
  0.000000000000000E+000  0.000000000000000E+000  0.000000000000000E+000
  0.000000000000000E+000  0.000000000000000E+000  0.000000000000000E+000
  0.000000000000000E+000  0.000000000000000E+000  0.000000000000000E+000
  0.000000000000000E+000  0.000000000000000E+000  0.000000000000000E+000
  0.000000000000000E+000  0.000000000000000E+000  0.000000000000000E+000
  0.000000000000000E+000  0.000000000000000E+000  0.000000000000000E+000
  0.000000000000000E+000  0.000000000000000E+000  0.000000000000000E+000
  0.000000000000000E+000  0.000000000000000E+000  0.000000000000000E+000
  0.000000000000000E+000  0.000000000000000E+000  0.000000000000000E+000
  0.000000000000000E+000  0.000000000000000E+000  0.000000000000000E+000
  0.000000000000000E+000  0.000000000000000E+000  0.000000000000000E+000
  0.000000000000000E+000  0.000000000000000E+000  0.000000000000000E+000
  0.000000000000000E+000  0.000000000000000E+000  0.000000000000000E+000
  0.000000000000000E+000  0.000000000000000E+000  0.000000000000000E+000
  0.000000000000000E+000  0.000000000000000E+000  0.000000000000000E+000
   2.06085936170445      -0.333627461048678      -8.166149344275048E-002
 -4.566818853977994E-008 -4.048284357627166E-009  0.125246205943168     
  5.014151086360496E-008  2.834815460204496E-008  2.701234124886652E-002
  5.852595963826043E-002  5.599519193571695E-009  1.419581935658307E-009
 -4.238675991758063E-002 -8.171046553054712E-010 -1.187470898582268E-009
   2.98923954371820       3.197598746087922E-007  6.514816264394454E-008
  -2.72941875753317      -3.818407795999770E-007 -6.071245765881025E-008
   2.52442789022706       6.901520189308961E-008 -2.800114410842749E-007
  -1.71642046431495      -8.415872075649928E-008   2.84812544752585     
 -8.942817073465863E-008 -8.347756252631455E-008  -2.38045817200456     
  0.679155960053665       2.326659287488326E-007  4.949572602511206E-008
  0.323823661439914       7.528100728081649E-008  0.544553569353789     
  0.000000000000000E+000  0.000000000000000E+000  0.000000000000000E+000
  0.000000000000000E+000  0.000000000000000E+000  0.000000000000000E+000
  0.000000000000000E+000  0.000000000000000E+000  0.000000000000000E+000
  0.000000000000000E+000  0.000000000000000E+000  0.000000000000000E+000
  0.000000000000000E+000  0.000000000000000E+000  0.000000000000000E+000
  0.000000000000000E+000  0.000000000000000E+000  0.000000000000000E+000
  0.000000000000000E+000  0.000000000000000E+000  0.000000000000000E+000
  0.000000000000000E+000  0.000000000000000E+000  0.000000000000000E+000
  0.000000000000000E+000  0.000000000000000E+000  0.000000000000000E+000
  0.000000000000000E+000  0.000000000000000E+000  0.000000000000000E+000
  0.000000000000000E+000  0.000000000000000E+000  0.000000000000000E+000
  0.000000000000000E+000  0.000000000000000E+000  0.000000000000000E+000
  0.000000000000000E+000  0.000000000000000E+000  0.000000000000000E+000
  0.000000000000000E+000  0.000000000000000E+000  0.000000000000000E+000
  0.000000000000000E+000  0.000000000000000E+000  0.000000000000000E+000
  0.000000000000000E+000  0.000000000000000E+000  0.000000000000000E+000
  0.000000000000000E+000  0.000000000000000E+000  0.000000000000000E+000
  0.000000000000000E+000  0.000000000000000E+000  0.000000000000000E+000
  0.000000000000000E+000  0.000000000000000E+000  0.000000000000000E+000
  0.000000000000000E+000  0.000000000000000E+000  0.000000000000000E+000
  0.000000000000000E+000  0.000000000000000E+000  0.000000000000000E+000
  0.000000000000000E+000  0.000000000000000E+000  0.000000000000000E+000
  0.000000000000000E+000  0.000000000000000E+000  0.000000000000000E+000
  0.000000000000000E+000  0.000000000000000E+000  0.000000000000000E+000
  0.000000000000000E+000  0.000000000000000E+000  0.000000000000000E+000
  0.000000000000000E+000  0.000000000000000E+000  0.000000000000000E+000
  0.000000000000000E+000  0.000000000000000E+000  0.000000000000000E+000
  0.000000000000000E+000  0.000000000000000E+000  0.000000000000000E+000
  0.000000000000000E+000  0.000000000000000E+000  0.000000000000000E+000
  0.000000000000000E+000  0.000000000000000E+000  0.000000000000000E+000
  0.000000000000000E+000  0.000000000000000E+000  0.000000000000000E+000
  0.000000000000000E+000  0.000000000000000E+000  0.000000000000000E+000
  0.000000000000000E+000  0.000000000000000E+000  0.000000000000000E+000
  0.000000000000000E+000  0.000000000000000E+000  0.000000000000000E+000
  0.000000000000000E+000  0.000000000000000E+000  0.000000000000000E+000
  0.000000000000000E+000  0.000000000000000E+000  0.000000000000000E+000
  0.000000000000000E+000  0.000000000000000E+000  0.000000000000000E+000
  0.000000000000000E+000  0.000000000000000E+000  0.000000000000000E+000
  0.000000000000000E+000  0.000000000000000E+000  0.000000000000000E+000
  0.000000000000000E+000  0.000000000000000E+000  0.000000000000000E+000
  0.000000000000000E+000  0.000000000000000E+000  0.000000000000000E+000
  0.000000000000000E+000  0.000000000000000E+000  0.000000000000000E+000
  0.000000000000000E+000  0.000000000000000E+000  0.000000000000000E+000
  0.000000000000000E+000  0.000000000000000E+000  0.000000000000000E+000
  0.000000000000000E+000  0.000000000000000E+000  0.000000000000000E+000
   2.06085973149188      -0.333627858526814       8.166164755507539E-002
  4.444687689938841E-008  9.618471167891739E-009 -0.125246051554415     
 -6.981266924012490E-008  3.758631783407979E-008  2.701240340660456E-002
 -5.852603738263418E-002  1.301168682049768E-008  8.032670649634860E-008
  4.238681386049325E-002 -4.692932949529798E-009 -3.457901871579659E-008
   2.98924173300592      -3.090191679422149E-007 -5.644157883556396E-008
  -2.72942033978030       3.207231824180146E-007  1.162074491400570E-007
   2.52443059151662      -5.637070180188690E-009  3.171738667783970E-007
  -1.71642201525407      -2.314023404894152E-008   2.84812771851881     
  7.608321564564133E-008  4.435117974112277E-008  -2.38046032972000     
  0.679156373238974      -2.247747535450567E-007 -7.972880663850016E-008
  0.323824007056704      -3.956288046926412E-009  0.544554217877541     
  0.000000000000000E+000  0.000000000000000E+000  0.000000000000000E+000
  0.000000000000000E+000  0.000000000000000E+000  0.000000000000000E+000
  0.000000000000000E+000  0.000000000000000E+000  0.000000000000000E+000
  0.000000000000000E+000  0.000000000000000E+000  0.000000000000000E+000
  0.000000000000000E+000  0.000000000000000E+000  0.000000000000000E+000
  0.000000000000000E+000  0.000000000000000E+000  0.000000000000000E+000
  0.000000000000000E+000  0.000000000000000E+000  0.000000000000000E+000
  0.000000000000000E+000  0.000000000000000E+000  0.000000000000000E+000
  0.000000000000000E+000  0.000000000000000E+000  0.000000000000000E+000
  0.000000000000000E+000  0.000000000000000E+000  0.000000000000000E+000
  0.000000000000000E+000  0.000000000000000E+000  0.000000000000000E+000
  0.000000000000000E+000  0.000000000000000E+000  0.000000000000000E+000
  0.000000000000000E+000  0.000000000000000E+000  0.000000000000000E+000
  0.000000000000000E+000  0.000000000000000E+000  0.000000000000000E+000
  0.000000000000000E+000  0.000000000000000E+000  0.000000000000000E+000
  0.000000000000000E+000  0.000000000000000E+000  0.000000000000000E+000
  0.000000000000000E+000  0.000000000000000E+000  0.000000000000000E+000
  0.000000000000000E+000  0.000000000000000E+000  0.000000000000000E+000
  0.000000000000000E+000  0.000000000000000E+000  0.000000000000000E+000
  0.000000000000000E+000  0.000000000000000E+000  0.000000000000000E+000
  0.000000000000000E+000  0.000000000000000E+000  0.000000000000000E+000
  0.000000000000000E+000  0.000000000000000E+000  0.000000000000000E+000
  0.000000000000000E+000  0.000000000000000E+000  0.000000000000000E+000
  0.000000000000000E+000  0.000000000000000E+000  0.000000000000000E+000
  0.000000000000000E+000  0.000000000000000E+000  0.000000000000000E+000
  0.000000000000000E+000  0.000000000000000E+000  0.000000000000000E+000
  0.000000000000000E+000  0.000000000000000E+000  0.000000000000000E+000
  0.000000000000000E+000  0.000000000000000E+000  0.000000000000000E+000
  0.000000000000000E+000  0.000000000000000E+000  0.000000000000000E+000
  0.000000000000000E+000  0.000000000000000E+000  0.000000000000000E+000
  0.000000000000000E+000  0.000000000000000E+000  0.000000000000000E+000
  0.000000000000000E+000  0.000000000000000E+000  0.000000000000000E+000
  0.000000000000000E+000  0.000000000000000E+000  0.000000000000000E+000
  0.000000000000000E+000  0.000000000000000E+000  0.000000000000000E+000
  0.000000000000000E+000  0.000000000000000E+000  0.000000000000000E+000
  0.000000000000000E+000  0.000000000000000E+000  0.000000000000000E+000
  0.000000000000000E+000  0.000000000000000E+000  0.000000000000000E+000
  0.000000000000000E+000  0.000000000000000E+000  0.000000000000000E+000
  0.000000000000000E+000  0.000000000000000E+000  0.000000000000000E+000
  0.000000000000000E+000  0.000000000000000E+000  0.000000000000000E+000
  0.000000000000000E+000  0.000000000000000E+000  0.000000000000000E+000
  0.000000000000000E+000  0.000000000000000E+000  0.000000000000000E+000
  0.000000000000000E+000  0.000000000000000E+000  0.000000000000000E+000
  0.000000000000000E+000  0.000000000000000E+000  0.000000000000000E+000
  0.000000000000000E+000  0.000000000000000E+000  0.000000000000000E+000
   2.06085970893022      -0.333628435735447      -1.587296129595614E-007
 -8.166083110580385E-002  7.354624488647886E-008  6.099793551028306E-007
  0.125245024030728      -8.477014832592670E-008  2.701242828246724E-002
  4.224347700035772E-007  5.852540947997149E-002 -3.134576744531506E-008
 -1.734858585600319E-007 -4.238643851871193E-002  2.100311115802763E-008
   2.52442739005781       1.359023507191932E-007  5.079151489827583E-008
  -1.71642033410374      -2.154292065738449E-007 -4.049586583151235E-008
   2.98923836876272       3.831412688727493E-008 -1.263063904667054E-007
  -2.72941545101368      -5.155384998781797E-008   2.84814058888844     
 -4.297848791883069E-008 -8.370253559344491E-008  -2.38049075684100     
  0.323823503168724       1.402520860015051E-007  5.051688066641081E-008
  0.679154789931739       4.588319078833820E-008  0.544564399438028     
  0.000000000000000E+000  0.000000000000000E+000  0.000000000000000E+000
  0.000000000000000E+000  0.000000000000000E+000  0.000000000000000E+000
  0.000000000000000E+000  0.000000000000000E+000  0.000000000000000E+000
  0.000000000000000E+000  0.000000000000000E+000  0.000000000000000E+000
  0.000000000000000E+000  0.000000000000000E+000  0.000000000000000E+000
  0.000000000000000E+000  0.000000000000000E+000  0.000000000000000E+000
  0.000000000000000E+000  0.000000000000000E+000  0.000000000000000E+000
  0.000000000000000E+000  0.000000000000000E+000  0.000000000000000E+000
  0.000000000000000E+000  0.000000000000000E+000  0.000000000000000E+000
  0.000000000000000E+000  0.000000000000000E+000  0.000000000000000E+000
  0.000000000000000E+000  0.000000000000000E+000  0.000000000000000E+000
  0.000000000000000E+000  0.000000000000000E+000  0.000000000000000E+000
  0.000000000000000E+000  0.000000000000000E+000  0.000000000000000E+000
  0.000000000000000E+000  0.000000000000000E+000  0.000000000000000E+000
  0.000000000000000E+000  0.000000000000000E+000  0.000000000000000E+000
  0.000000000000000E+000  0.000000000000000E+000  0.000000000000000E+000
  0.000000000000000E+000  0.000000000000000E+000  0.000000000000000E+000
  0.000000000000000E+000  0.000000000000000E+000  0.000000000000000E+000
  0.000000000000000E+000  0.000000000000000E+000  0.000000000000000E+000
  0.000000000000000E+000  0.000000000000000E+000  0.000000000000000E+000
  0.000000000000000E+000  0.000000000000000E+000  0.000000000000000E+000
  0.000000000000000E+000  0.000000000000000E+000  0.000000000000000E+000
  0.000000000000000E+000  0.000000000000000E+000  0.000000000000000E+000
  0.000000000000000E+000  0.000000000000000E+000  0.000000000000000E+000
  0.000000000000000E+000  0.000000000000000E+000  0.000000000000000E+000
  0.000000000000000E+000  0.000000000000000E+000  0.000000000000000E+000
  0.000000000000000E+000  0.000000000000000E+000  0.000000000000000E+000
  0.000000000000000E+000  0.000000000000000E+000  0.000000000000000E+000
  0.000000000000000E+000  0.000000000000000E+000  0.000000000000000E+000
  0.000000000000000E+000  0.000000000000000E+000  0.000000000000000E+000
  0.000000000000000E+000  0.000000000000000E+000  0.000000000000000E+000
  0.000000000000000E+000  0.000000000000000E+000  0.000000000000000E+000
  0.000000000000000E+000  0.000000000000000E+000  0.000000000000000E+000
  0.000000000000000E+000  0.000000000000000E+000  0.000000000000000E+000
  0.000000000000000E+000  0.000000000000000E+000  0.000000000000000E+000
  0.000000000000000E+000  0.000000000000000E+000  0.000000000000000E+000
  0.000000000000000E+000  0.000000000000000E+000  0.000000000000000E+000
  0.000000000000000E+000  0.000000000000000E+000  0.000000000000000E+000
  0.000000000000000E+000  0.000000000000000E+000  0.000000000000000E+000
  0.000000000000000E+000  0.000000000000000E+000  0.000000000000000E+000
  0.000000000000000E+000  0.000000000000000E+000  0.000000000000000E+000
  0.000000000000000E+000  0.000000000000000E+000  0.000000000000000E+000
  0.000000000000000E+000  0.000000000000000E+000  0.000000000000000E+000
  0.000000000000000E+000  0.000000000000000E+000  0.000000000000000E+000
  0.000000000000000E+000  0.000000000000000E+000  0.000000000000000E+000
   2.06085956280200      -0.333628080900611      -1.792852947252728E-007
  8.166104996118113E-002 -1.686412605141803E-010  5.970218606845349E-007
 -0.125245312374292      -2.935255974177435E-008  2.701239522414078E-002
  4.169316544432097E-007 -5.852567764663837E-002  7.698491291009222E-009
 -1.756647735090042E-007  4.238655459378807E-002  1.516796857782011E-009
   2.52442594629935      -1.164532554969931E-007  3.800212172917240E-008
  -1.71641791630237       1.357064701307128E-007 -3.273848584029170E-008
   2.98923669073927      -6.615952076256880E-008  1.061978220997457E-007
  -2.72941224738453       4.054961373147151E-008   2.84813870462000     
 -2.929199097366589E-008  9.772077980361054E-008  -2.38048713721791     
  0.323822841972537      -9.709067883725562E-008  3.935387029961223E-008
  0.679153680400655      -6.726657104601821E-008  0.544563208286681     
  0.000000000000000E+000  0.000000000000000E+000  0.000000000000000E+000
  0.000000000000000E+000  0.000000000000000E+000  0.000000000000000E+000
  0.000000000000000E+000  0.000000000000000E+000  0.000000000000000E+000
  0.000000000000000E+000  0.000000000000000E+000  0.000000000000000E+000
  0.000000000000000E+000  0.000000000000000E+000  0.000000000000000E+000
  0.000000000000000E+000  0.000000000000000E+000  0.000000000000000E+000
  0.000000000000000E+000  0.000000000000000E+000  0.000000000000000E+000
  0.000000000000000E+000  0.000000000000000E+000  0.000000000000000E+000
  0.000000000000000E+000  0.000000000000000E+000  0.000000000000000E+000
  0.000000000000000E+000  0.000000000000000E+000  0.000000000000000E+000
  0.000000000000000E+000  0.000000000000000E+000  0.000000000000000E+000
  0.000000000000000E+000  0.000000000000000E+000  0.000000000000000E+000
  0.000000000000000E+000  0.000000000000000E+000  0.000000000000000E+000
  0.000000000000000E+000  0.000000000000000E+000  0.000000000000000E+000
  0.000000000000000E+000  0.000000000000000E+000  0.000000000000000E+000
  0.000000000000000E+000  0.000000000000000E+000  0.000000000000000E+000
  0.000000000000000E+000  0.000000000000000E+000  0.000000000000000E+000
  0.000000000000000E+000  0.000000000000000E+000  0.000000000000000E+000
  0.000000000000000E+000  0.000000000000000E+000  0.000000000000000E+000
  0.000000000000000E+000  0.000000000000000E+000  0.000000000000000E+000
  0.000000000000000E+000  0.000000000000000E+000  0.000000000000000E+000
  0.000000000000000E+000  0.000000000000000E+000  0.000000000000000E+000
  0.000000000000000E+000  0.000000000000000E+000  0.000000000000000E+000
  0.000000000000000E+000  0.000000000000000E+000  0.000000000000000E+000
  0.000000000000000E+000  0.000000000000000E+000  0.000000000000000E+000
  0.000000000000000E+000  0.000000000000000E+000  0.000000000000000E+000
  0.000000000000000E+000  0.000000000000000E+000  0.000000000000000E+000
  0.000000000000000E+000  0.000000000000000E+000  0.000000000000000E+000
  0.000000000000000E+000  0.000000000000000E+000  0.000000000000000E+000
  0.000000000000000E+000  0.000000000000000E+000  0.000000000000000E+000
  0.000000000000000E+000  0.000000000000000E+000  0.000000000000000E+000
  0.000000000000000E+000  0.000000000000000E+000  0.000000000000000E+000
  0.000000000000000E+000  0.000000000000000E+000  0.000000000000000E+000
  0.000000000000000E+000  0.000000000000000E+000  0.000000000000000E+000
  0.000000000000000E+000  0.000000000000000E+000  0.000000000000000E+000
  0.000000000000000E+000  0.000000000000000E+000  0.000000000000000E+000
  0.000000000000000E+000  0.000000000000000E+000  0.000000000000000E+000
  0.000000000000000E+000  0.000000000000000E+000  0.000000000000000E+000
  0.000000000000000E+000  0.000000000000000E+000  0.000000000000000E+000
  0.000000000000000E+000  0.000000000000000E+000  0.000000000000000E+000
  0.000000000000000E+000  0.000000000000000E+000  0.000000000000000E+000
  0.000000000000000E+000  0.000000000000000E+000  0.000000000000000E+000
  0.000000000000000E+000  0.000000000000000E+000  0.000000000000000E+000
  0.000000000000000E+000  0.000000000000000E+000  0.000000000000000E+000
  0.000000000000000E+000  0.000000000000000E+000  0.000000000000000E+000
   2.06085961927303      -0.333627040980911      -8.166360737513075E-002
  1.028903296754891E-007 -1.691211801537830E-007  0.125249763118820     
 -1.665615542264510E-007  2.348555360324377E-007  2.701236312995237E-002
  5.852696311104291E-002 -1.319958508458871E-007  1.130845499345285E-007
 -4.238739732613080E-002  5.902028059710662E-008 -6.118946578089211E-008
   2.98923878460343       1.034063099853062E-007  3.632401845102436E-008
  -2.72941215932789      -7.324728426140976E-008 -4.092697428561328E-008
   2.52442855353385       1.905063206692569E-008 -1.334671434533417E-007
  -1.71641577909318      -1.178039334673309E-008   2.84812595632182     
 -7.043728004350522E-008 -3.509053480427035E-008  -2.38045537044438     
  0.679153508391509       7.554129825606272E-008  5.536276433371442E-008
  0.323822289157145       2.152898915626038E-008  0.544552624363928     
  0.000000000000000E+000  0.000000000000000E+000  0.000000000000000E+000
  0.000000000000000E+000  0.000000000000000E+000  0.000000000000000E+000
  0.000000000000000E+000  0.000000000000000E+000  0.000000000000000E+000
  0.000000000000000E+000  0.000000000000000E+000  0.000000000000000E+000
  0.000000000000000E+000  0.000000000000000E+000  0.000000000000000E+000
  0.000000000000000E+000  0.000000000000000E+000  0.000000000000000E+000
  0.000000000000000E+000  0.000000000000000E+000  0.000000000000000E+000
  0.000000000000000E+000  0.000000000000000E+000  0.000000000000000E+000
  0.000000000000000E+000  0.000000000000000E+000  0.000000000000000E+000
  0.000000000000000E+000  0.000000000000000E+000  0.000000000000000E+000
  0.000000000000000E+000  0.000000000000000E+000  0.000000000000000E+000
  0.000000000000000E+000  0.000000000000000E+000  0.000000000000000E+000
  0.000000000000000E+000  0.000000000000000E+000  0.000000000000000E+000
  0.000000000000000E+000  0.000000000000000E+000  0.000000000000000E+000
  0.000000000000000E+000  0.000000000000000E+000  0.000000000000000E+000
  0.000000000000000E+000  0.000000000000000E+000  0.000000000000000E+000
  0.000000000000000E+000  0.000000000000000E+000  0.000000000000000E+000
  0.000000000000000E+000  0.000000000000000E+000  0.000000000000000E+000
  0.000000000000000E+000  0.000000000000000E+000  0.000000000000000E+000
  0.000000000000000E+000  0.000000000000000E+000  0.000000000000000E+000
  0.000000000000000E+000  0.000000000000000E+000  0.000000000000000E+000
  0.000000000000000E+000  0.000000000000000E+000  0.000000000000000E+000
  0.000000000000000E+000  0.000000000000000E+000  0.000000000000000E+000
  0.000000000000000E+000  0.000000000000000E+000  0.000000000000000E+000
  0.000000000000000E+000  0.000000000000000E+000  0.000000000000000E+000
  0.000000000000000E+000  0.000000000000000E+000  0.000000000000000E+000
  0.000000000000000E+000  0.000000000000000E+000  0.000000000000000E+000
  0.000000000000000E+000  0.000000000000000E+000  0.000000000000000E+000
  0.000000000000000E+000  0.000000000000000E+000  0.000000000000000E+000
  0.000000000000000E+000  0.000000000000000E+000  0.000000000000000E+000
  0.000000000000000E+000  0.000000000000000E+000  0.000000000000000E+000
  0.000000000000000E+000  0.000000000000000E+000  0.000000000000000E+000
  0.000000000000000E+000  0.000000000000000E+000  0.000000000000000E+000
  0.000000000000000E+000  0.000000000000000E+000  0.000000000000000E+000
  0.000000000000000E+000  0.000000000000000E+000  0.000000000000000E+000
  0.000000000000000E+000  0.000000000000000E+000  0.000000000000000E+000
  0.000000000000000E+000  0.000000000000000E+000  0.000000000000000E+000
  0.000000000000000E+000  0.000000000000000E+000  0.000000000000000E+000
  0.000000000000000E+000  0.000000000000000E+000  0.000000000000000E+000
  0.000000000000000E+000  0.000000000000000E+000  0.000000000000000E+000
  0.000000000000000E+000  0.000000000000000E+000  0.000000000000000E+000
  0.000000000000000E+000  0.000000000000000E+000  0.000000000000000E+000
  0.000000000000000E+000  0.000000000000000E+000  0.000000000000000E+000
  0.000000000000000E+000  0.000000000000000E+000  0.000000000000000E+000
  0.000000000000000E+000  0.000000000000000E+000  0.000000000000000E+000
   1.98692543677894       0.185363313634706       2.059376354286578E-008
  2.087694754540521E-008  4.101998615018193E-008 -7.553180188360533E-008
 -5.124593326603234E-009 -1.390492292937670E-009  3.639835662749226E-003
 -2.528520032453628E-008  4.724946425452092E-008 -2.478336670040451E-003
  2.026356894294194E-008 -1.492311688147711E-003  4.520732380447874E-008
 -4.772586233268912E-008  5.456530371167248E-003 -2.926833891666275E-008
   1.06246528188752      -3.307570019773349E-007 -1.302420300460232E-007
 -2.500929631949223E-007 -3.997135155296093E-008 -2.256868801067032E-008
  2.533972885919853E-008  0.148770665241973      -6.385622748704687E-008
 -6.361971094934801E-008  0.200602880269926       2.437200462642337E-008
 -0.182239912728671       1.203171939072095E-007  4.057988435074910E-008
 -0.203097723825583       2.037640575498678E-009   2.02790922780847     
  2.168850247382950E-009  1.476390067710985E-009  0.108702193087390     
  2.166124076024845E-009 -5.072913072058427E-009  8.251461908801575E-007
  2.855007393119471E-008  5.348203893796240E-008  1.061429601294393E-007
 -6.107248227554398E-009 -7.103298301915604E-008 -1.715143593678325E-007
 -8.145792699706126E-008 -2.463596135061038E-007  6.434752581599837E-009
   2.02763522082286      -3.072143047666851E-010  3.287220143678194E-010
  0.108465071700792      -4.961191837829183E-010 -4.158485055119101E-010
  7.332298323839167E-007  3.535580879583596E-008  1.223057156235590E-007
  6.134114682360339E-008  5.693160887409512E-008 -9.961831796575957E-008
 -5.284909745956152E-008 -2.738751527706568E-007 -9.429321039887857E-008
   2.02980233781636      -2.948975601575396E-009  1.110408866534399E-009
  0.115709003882786       4.520321084136980E-009  6.870840882568450E-009
  6.794095896225037E-007 -1.862505616626832E-008 -3.487377514632426E-008
 -6.743246794752478E-010 -1.384814969268245E-008  8.284040820862796E-008
  3.466750767414742E-008 -8.299107218402020E-008  4.122059448588669E-002
  7.402545569358844E-010  6.033613240418747E-009 -1.666687005858008E-007
  2.406135775252686E-010 -2.890188666526465E-008 -4.969961180003581E-009
 -2.736573682861953E-008  3.570294680166772E-007 -6.399909843489681E-009
  3.336312001530056E-008 -9.258789069441208E-008  3.266379080217309E-008
  4.017443411176206E-002  8.458483618135429E-009  4.956201398908867E-009
 -1.379274489429117E-007 -2.418680590244442E-008  3.908537124714618E-008
  2.095276239302064E-009 -4.424261130860644E-009  2.851784032141388E-007
 -7.341969590065983E-009 -5.271927313862784E-008 -9.180317638212348E-009
  4.613880105569124E-002  5.585055944994590E-009  2.539401527392917E-008
 -4.202622144586143E-007 -2.340937295960190E-008  7.351249222109965E-010
 -7.805099258355253E-009 -4.177739538190682E-008  8.085940667467105E-007
  3.558540774422443E-008 -1.616130836256817E-008  0.914559798349860     
  4.510575847259230E-008  6.987687520536995E-008 -0.955101104833815     
 -4.391960909080070E-008  -1.39367691860107      -8.974082118357992E-008
 -9.842577174884253E-008  0.801718262229246      -1.560459668633530E-008
  0.708871786255247      -2.746940362911579E-008  2.106841998801215E-007
  1.139131016754781E-007 -1.651837475745650E-008 -0.924039988915718     
  4.011671388432855E-008 -1.667449254545502E-007 -5.957498436183397E-008
   2.10207516920384      -3.712593742189211E-007  2.088580799666038E-008
  2.480264914362707E-009  3.289289826202248E-008  -3.45973022699633     
  3.338930644642703E-007  5.050627560981083E-008   1.75758777887607     
  4.689869945383137E-008  0.802497701222988      -2.852947921572182E-007
  4.493608597394647E-007  -2.96349185008555      -1.033001644901926E-007
  0.749738147942529       8.745259802692380E-008 -1.657649550118731E-007
 -1.808767152354754E-008  1.209294515409330E-009  -1.05194382664080     
  0.551777797565541       5.120653519859590E-008  1.596518368771277E-008
 -0.714800602140843      -3.440069762470570E-008  0.308487614606365     
 -4.501269682136247E-008  2.325223596964459E-007  1.070076152823781E-007
   1.49065492532069      -3.822810875526249E-007 -5.558543752363454E-008
   1.29706671722574       4.249455310429786E-008  0.379574085775043     
   1.98692530287630       0.185364120221591       9.000909767814909E-008
  4.508819363717106E-008  2.527444857094567E-008 -6.240624713181310E-008
  1.022389085931539E-010  1.828833680835938E-009 -3.964729743827358E-003
  7.705549533252187E-009  1.327094658659022E-008  1.914336258684058E-003
  1.833960904342141E-008  5.469239408259951E-003 -9.630465078893301E-009
 -1.539325796270916E-008  1.433905630525795E-003 -3.194829599546475E-008
   1.06246274343795      -6.271767118721335E-007 -2.746430953969562E-007
 -1.698452334330642E-007 -5.231193603883232E-009  7.910009539576022E-010
  9.090349974194405E-010  9.934152002791638E-002 -4.712923366325967E-008
 -1.187827566936786E-007  0.229138588631784      -1.201922400129648E-007
 -8.476971158280183E-002  5.842590712450379E-008  1.077201874413714E-007
 -0.259372412951552       2.327714030995058E-007   2.02763521193307     
  1.344084624750062E-009  5.379771089994262E-010  0.108464627792760     
  1.145580774989827E-009 -3.404981737603921E-009  6.414177195026167E-007
  7.216766268737330E-008  6.515886706301332E-008  5.852284488763815E-008
 -2.698883334266371E-008 -3.193106042029649E-007  4.517862690185317E-008
 -8.408692877972369E-008 -8.260592089247370E-008  3.519030301999332E-008
   2.02790919758652       4.051366900161138E-010 -2.061857532710319E-009
  0.108701848765741       1.057985517854445E-009 -5.732766700901528E-009
  5.510712209262710E-007 -3.088308516485910E-009 -2.969990381572314E-008
  4.091652163137839E-008 -5.790479610959457E-008 -3.722793544743805E-007
  5.708834394248464E-010  2.302651199050629E-007 -5.439304491635089E-008
   2.02980231433560      -6.389376120393087E-009  1.681345879228550E-009
  0.115708808631457      -2.109673205066355E-008 -3.325602252843636E-008
  4.570172068554288E-007 -2.966103558931548E-008  1.458122381489229E-007
  2.857836682676894E-008  4.642370557902387E-008 -2.580285372031092E-007
  3.286439258910379E-008 -1.388846216505285E-007  4.017441756927928E-002
  4.378392660618191E-009  7.367522530055275E-010 -1.069814859484784E-007
 -4.478166754815818E-008  1.135879682531979E-008 -3.530092697335023E-008
  1.100752982534578E-008  2.896089940683197E-007  6.515240588248756E-008
 -1.577187406143421E-008  4.917827418211161E-008 -6.734058860440728E-009
  4.122055195013840E-002 -1.024401399284491E-009  6.630715078727162E-008
 -1.166686722116024E-007 -8.746337717831912E-009 -1.840193781634673E-008
 -1.531645056434341E-008 -8.931381158032610E-008  1.619051418428998E-007
  5.204509550234369E-009  3.407231473238369E-008  1.086084597149716E-008
  4.613875705389953E-002 -3.534324498093151E-009 -1.013283026811310E-008
 -1.234022614687643E-007  1.743366254956006E-008 -7.068664457632209E-008
  7.777549061628268E-009  1.924874492964175E-008  1.292545942013491E-007
 -2.518805818046786E-008  6.200700276697730E-008   1.96039815069078     
  1.337187950224106E-007  4.658748818165185E-007  0.252533229683129     
  2.290295867954168E-008  -3.26567553325505      -1.653618226708178E-007
 -7.275706993950309E-007 -0.278307754451962      -2.908936772853091E-008
  0.708872403170876       3.192733269975172E-008 -3.658455410808535E-008
 -3.442982342342872E-008 -1.033622954542650E-007 -0.924045073740588     
 -3.668508843383279E-008  5.541962671573917E-008  8.127271741127896E-009
  0.749736536972999       1.443300432530361E-007 -5.367101764907875E-008
 -3.908807925269821E-007 -4.815898790699988E-008  -1.05194331512143     
 -1.688690567609784E-007  3.721458752356818E-008  0.711745337972649     
 -1.947871780470409E-007 -0.279086506414754       3.429537896694557E-008
 -1.548594758582769E-007  -1.09148631873087       1.574332274473795E-007
   2.10207096754210       1.738546535507872E-008  1.245139736055727E-007
  6.967012271445046E-008  2.714959498579759E-007  -3.45972196309045     
   1.42025785339735       1.195960271263858E-007  5.861100658429661E-007
  0.288040846687022      -2.558725784714707E-009  0.308490517146548     
  5.139539000570210E-008 -4.907518909825538E-008 -8.427564306208670E-008
  0.379574357701249       1.581071172083401E-007 -4.648566380685220E-008
  0.428583763003926      -2.251974715348167E-007   1.49065092441997     
   1.98692536006595       0.185363652218678      -2.972702782822150E-008
  2.606445541826241E-008 -2.289220544557905E-008  7.063858928177301E-008
  5.065250212088506E-009  1.440829723304223E-010  3.640092202292551E-003
  1.504538496763815E-008 -4.211808447984771E-008 -2.478160678705578E-003
 -1.550638793526254E-008 -1.492595754464572E-003 -2.740685660982445E-008
  6.368626176796787E-008  5.456220234157159E-003  2.890826721189182E-008
   1.06246284040622       3.453979132837964E-007 -1.509660401703932E-007
  1.266379956698806E-007  6.462730866923891E-008 -1.994705431909291E-008
 -2.296916504041482E-009  0.148769430295519       2.569826021361663E-009
  1.556214651584698E-007  0.200602627052480       1.254964232040519E-007
 -0.182238314903004       2.042371188249462E-008 -1.518387269157655E-007
 -0.203098500838315      -1.091733068452067E-007   2.02790917124139     
  3.132624196384974E-009 -8.184331355925149E-010  0.108701753355003     
 -3.159653119221982E-009  3.946958858373404E-009 -6.709549398441839E-007
 -8.265909141653352E-008  2.828300332829356E-008 -1.326415838364835E-008
 -4.237188317256003E-009  3.554149245327332E-007 -1.036519530775060E-007
 -4.244033261398537E-008  1.466185848240039E-007  1.237288421065512E-008
   2.02763518403400       5.650264787914123E-010 -1.127452128506984E-009
  0.108464634126158       4.731308887617325E-009  2.682421844469877E-008
 -5.823884709945195E-007  1.309615975269954E-008  2.754769340421174E-008
 -2.060270491674017E-008  8.310713594252007E-008  3.390013565038022E-007
 -1.616210673980993E-008 -2.466337620925237E-007  4.467232541565624E-008
   2.02980230264930       5.217510082926812E-009  4.579238110271454E-009
  0.115708585835647       9.590478725246390E-009  2.029539237870991E-008
 -6.368821330015359E-007 -2.203248396725915E-008 -1.113550191466602E-007
 -2.308233424553518E-008 -2.673905749253589E-008  2.369738051992174E-007
  3.700787563662467E-008 -5.999332107820009E-008  4.122053671930425E-002
 -2.705981974917246E-009 -3.721126433991139E-010  9.318717100574456E-008
  1.630239375652056E-008 -4.006602585091014E-008  3.900270715381663E-008
  8.693004495486784E-009 -2.449766354595716E-007 -4.796477617228955E-008
  2.140212237739724E-008  9.179882372505395E-008  3.838815217674826E-009
  4.017439454556380E-002  5.009919740288889E-009 -4.817665861660262E-008
  7.919233510031751E-008  3.533690204093159E-008  6.358761023392403E-008
 -1.171158241577918E-008  8.974549076178148E-008 -1.568335362842982E-007
 -3.453842099442198E-008 -1.055130815888247E-007  2.080546457390172E-008
  4.613873729715100E-002 -1.598714579566960E-008  1.785530958893338E-008
  1.705114303292446E-007 -1.077473989891387E-008  3.066115342901487E-008
  1.752970122839898E-008 -2.719350068948240E-008 -5.078471728723600E-007
  2.748469822350804E-008 -5.527149850252691E-008  0.914558699323148     
 -1.187570294885821E-007  9.388187000394267E-008 -0.955101672204935     
  1.391398622954224E-007  -1.39367790239885       2.176147200295455E-007
 -7.331570343321468E-008  0.801719170093072      -3.052863846436648E-007
  0.708870047386340       1.684800876188513E-007  1.128587702506573E-007
  1.388112661534352E-008  5.527581997977607E-008 -0.924041842566498     
 -1.315632036759037E-007 -5.246584192662061E-008  1.041918844756594E-008
   2.10207372465837      -1.952827964584857E-007  8.634395659963194E-008
 -1.718302943131030E-007 -2.328855475966770E-007  -3.45973245773419     
  2.187360371370180E-007 -1.174082906000219E-007   1.75758681229250     
 -3.944878903025779E-007  0.802498799935691      -2.512903952136182E-007
  2.496832138930297E-007  -2.96349350529333       6.739458785498848E-007
  0.749736385401135      -6.060038616478940E-008 -2.333534948546810E-008
 -1.051862411624321E-007  2.787104914386207E-007  -1.05194493828723     
  0.551778966625028      -1.479023226523338E-007  1.449592916104119E-007
 -0.714801726916033       1.960083157011009E-007  0.308489345608992     
  1.782376428637194E-007  1.739049771906234E-007  1.444402187336354E-008
   1.49065710897361      -2.512156667605578E-007  1.254219953834966E-007
   1.29706850859867      -5.022169117711050E-007  0.379575507960120     
   1.98692529658772       0.185363930083051      -8.918799665287867E-008
  2.772321273138454E-008  1.023279751635163E-008  5.215484902151072E-008
 -1.041063113414758E-008  2.361211357893905E-009 -3.964684953206453E-003
  3.716025563899472E-008  1.378656786377864E-008  1.914450213993876E-003
  1.592166966980338E-008  5.469306732056087E-003 -6.009744221459126E-008
 -1.609044040034524E-008  1.433729644822002E-003 -4.418225572253432E-009
   1.06246198292673       6.117885629392884E-007 -1.729755804213452E-007
 -4.446206786301844E-008  8.921050136738091E-009  1.597309178092261E-008
  1.930403533380247E-009  9.934504281760921E-002 -8.420517210044745E-008
  5.160022277864162E-008  0.229138071155917       1.726812679991173E-008
 -8.476884566083721E-002  1.460693201761649E-007 -1.234740090339946E-007
 -0.259371746096379      -6.746572909944691E-008   2.02763514895110     
  1.843164057168901E-011 -1.056953297310995E-010  0.108464175487400     
 -2.567243024196058E-009 -2.759585773724399E-010 -5.863901125937624E-007
  1.251294785815221E-007 -1.872071196767265E-008 -1.828029146275547E-008
  6.209866107315518E-009 -7.051134564600762E-008  8.291497974674278E-008
  4.013259073581662E-008  4.118149501137600E-008 -1.268337358643832E-008
   2.02790920066051      -2.425380146630710E-010  9.933096474838302E-010
  0.108701600736249       1.512669947619901E-009 -1.383852142920568E-008
 -4.875198436759252E-007 -5.151887507457449E-009  2.521405220959238E-008
 -2.645805314351101E-008 -1.294342644063874E-007 -2.444655510926566E-008
  4.830500693968002E-009  2.722729318401491E-007  4.421335217706970E-008
   2.02980231682606      -3.052882556215186E-009  1.055708466149238E-009
  0.115708596895785       7.362807271921969E-009  1.681948515027201E-008
 -4.949092473796328E-007  3.309171649898116E-008  1.624111310067865E-007
 -1.105580699717290E-008 -2.872720055407204E-008 -9.897581026815692E-009
 -6.452879542839277E-008 -2.699925630637477E-008  4.017426439932774E-002
 -3.367448188083405E-011 -2.152375586036992E-009  1.921045646063900E-007
 -4.196757101679510E-008 -4.102947047051896E-009 -3.470250419199445E-008
  3.049320402011621E-008 -4.340736555916264E-007  7.816593501215094E-008
  8.150215605050660E-009  6.929620482316175E-008 -4.280590150474713E-008
  4.122058587488318E-002  5.525586160762685E-011  9.540684181680588E-009
  1.500665643656208E-007 -1.861975491048159E-009 -1.545404978207504E-008
 -4.309830523031401E-009 -5.239358677391441E-008 -2.279829812718968E-007
  4.947499955147717E-010  4.780473800635976E-008  4.537818884862103E-009
  4.613877610835714E-002  2.909058706570705E-008  1.749999184294098E-008
  1.908650954159755E-007  5.036411362700256E-009 -2.379012524127794E-008
 -4.345735166900485E-008 -3.099852968354462E-008 -2.689122041650276E-007
 -1.560477924705593E-008  8.698245674756700E-008   1.96039633529814     
 -1.258583915756687E-007  3.023441425596489E-007  0.252533649661419     
 -7.685667077055329E-008  -3.26567837073015       1.900480583591670E-007
 -3.818507711968546E-007 -0.278308391660662       4.316282879870181E-008
  0.708870105811518       1.474724975008369E-007 -1.551559770712425E-007
  2.204449614747717E-007  1.131239203128726E-007 -0.924045284403957     
 -1.334375195786666E-007  1.388687527828705E-007 -1.468715674198648E-007
  0.749736042681970       1.057246724997810E-007  2.480227976662054E-008
 -2.882877749356438E-007 -1.866318382026018E-007  -1.05194445043494     
 -1.046153150822363E-007 -2.259582730597057E-008  0.711746954583273     
 -3.663199353792478E-008 -0.279086769159234       2.155313720981477E-007
 -1.352955371710782E-007  -1.09148881622972      -2.900985518020455E-009
   2.10207351960609       7.396603016365846E-008 -3.583258240744331E-007
 -4.529392443589844E-008  9.615154701959269E-008  -3.45972654595704     
   1.42026086515547      -1.789455391081879E-007  3.161080401754271E-007
  0.288041299861321      -4.244162464615858E-008  0.308491525157873     
  1.666854404196439E-007 -1.838655981881551E-007  2.496738274349620E-007
  0.379575446536457       1.278366270170684E-007  3.207536139074934E-008
  0.428584736075249      -4.788845726575938E-008   1.49065298151936     
