28 105
   1
    -0.080000 0.163300
    -0.060000 0.166700
    -0.040000 0.170000
    -0.020000 0.173200
    0.000000 0.022000
    0.032813 0.121200
    0.065626 0.174200
    0.098439 0.184700
    0.131252 0.187300
    0.164065 0.189800
    0.196878 0.192200
    0.229691 0.194500
    0.262504 0.196700
    0.295318 0.198800
    0.328131 0.200900
    0.360944 0.202900
    0.393757 0.204800
    0.426570 0.206600
    0.459383 0.208400
    0.492196 0.210100
    0.525009 0.211700
    0.557822 0.213200
    0.590635 0.214700
    0.623448 0.216100
    0.656261 0.217500
    0.689074 0.218800
    0.721887 0.220100
    0.754700 0.221200
    0.787513 0.222400
    0.820326 0.223400
    0.853139 0.224400
    0.885953 0.225400
    0.918766 0.226300
    0.951579 0.227100
    0.984392 0.227900
    1.017205 0.228700
    1.050018 0.229400
    1.082831 0.230000
    1.115644 0.230600
    1.148457 0.231100
    1.181270 0.231600
    1.214083 0.232000
    1.246896 0.232400
    1.279709 0.232700
    1.312522 0.233000
    1.345335 0.233200
    1.378148 0.233300
    1.410961 0.233400
    1.443775 0.233500
    1.476588 0.233500
    1.509401 0.233400
    1.542214 0.233300
    1.575027 0.233100
    1.607840 0.232900
    1.640653 0.232600
    1.673466 0.232300
    1.706279 0.231600
    1.739092 0.230400
    1.771905 0.229200
    1.804718 0.228000
    1.837531 0.226600
    1.870344 0.225200
    1.903157 0.223800
    1.935970 0.222200
    1.968783 0.220600
    2.001596 0.219000
    2.034410 0.217200
    2.067223 0.215300
    2.100036 0.213400
    2.132849 0.211400
    2.165662 0.209300
    2.198475 0.207000
    2.231288 0.204700
    2.264101 0.202300
    2.296914 0.199700
    2.329727 0.197100
    2.362540 0.194200
    2.395353 0.191300
    2.428166 0.188200
    2.460979 0.185000
    2.493792 0.181500
    2.526605 0.177900
    2.559418 0.174100
    2.592232 0.170100
    2.625045 0.165900
    2.657858 0.161400
    2.690671 0.156600
    2.723484 0.151500
    2.756297 0.146000
    2.789110 0.140100
    2.821923 0.133800
    2.854736 0.126900
    2.887549 0.119400
    2.920362 0.111100
    2.953175 0.101800
    2.985988 0.091300
    3.018801 0.076600
    3.045400 0.021800
    3.065400 0.041900
    3.085400 0.287000
    3.105400 0.283500
    3.125400 0.280000
    3.145400 0.276300
    3.165400 0.272500
    3.185400 0.238000
   2
    -0.080000 0.205400
    -0.060000 0.212900
    -0.040000 0.221900
    -0.020000 0.070100
    0.000000 0.111800
    0.032813 0.136600
    0.065626 0.153300
    0.098439 0.165000
    0.131252 0.173700
    0.164065 0.180400
    0.196878 0.185800
    0.229691 0.190300
    0.262504 0.194200
    0.295318 0.197600
    0.328131 0.200600
    0.360944 0.203400
    0.393757 0.205900
    0.426570 0.208200
    0.459383 0.210300
    0.492196 0.212300
    0.525009 0.214200
    0.557822 0.215900
    0.590635 0.217600
    0.623448 0.219100
    0.656261 0.220600
    0.689074 0.221900
    0.721887 0.223200
    0.754700 0.224400
    0.787513 0.225600
    0.820326 0.226600
    0.853139 0.227600
    0.885953 0.228600
    0.918766 0.229400
    0.951579 0.230300
    0.984392 0.231000
    1.017205 0.231700
    1.050018 0.232400
    1.082831 0.232900
    1.115644 0.233500
    1.148457 0.233900
    1.181270 0.234400
    1.214083 0.234700
    1.246896 0.235000
    1.279709 0.235300
    1.312522 0.235500
    1.345335 0.235600
    1.378148 0.235700
    1.410961 0.235800
    1.443775 0.235700
    1.476588 0.235700
    1.509401 0.235500
    1.542214 0.235300
    1.575027 0.235100
    1.607840 0.234800
    1.640653 0.234200
    1.673466 0.233200
    1.706279 0.232100
    1.739092 0.231000
    1.771905 0.229900
    1.804718 0.228600
    1.837531 0.227300
    1.870344 0.225900
    1.903157 0.224500
    1.935970 0.223000
    1.968783 0.221400
    2.001596 0.219800
    2.034410 0.218000
    2.067223 0.216200
    2.100036 0.214300
    2.132849 0.212300
    2.165662 0.210200
    2.198475 0.208000
    2.231288 0.205700
    2.264101 0.203300
    2.296914 0.200800
    2.329727 0.198200
    2.362540 0.195400
    2.395353 0.192500
    2.428166 0.189400
    2.460979 0.186200
    2.493792 0.182800
    2.526605 0.179300
    2.559418 0.175500
    2.592232 0.171600
    2.625045 0.167400
    2.657858 0.162900
    2.690671 0.158200
    2.723484 0.153200
    2.756297 0.147800
    2.789110 0.142000
    2.821923 0.135800
    2.854736 0.129100
    2.887549 0.121700
    2.920362 0.113600
    2.953175 0.104500
    2.985988 0.094300
    3.018801 0.082300
    3.045400 0.067700
    3.065400 0.048200
    3.085400 0.022500
    3.105400 0.285700
    3.125400 0.282100
    3.145400 0.278500
    3.165400 0.274600
    3.185400 0.270700
   3
    -0.080000 0.117000
    -0.060000 0.133600
    -0.040000 0.146600
    -0.020000 0.157000
    0.000000 0.165600
    0.032813 0.172800
    0.065626 0.179100
    0.098439 0.184500
    0.131252 0.189200
    0.164065 0.193500
    0.196878 0.197300
    0.229691 0.200800
    0.262504 0.203900
    0.295318 0.206800
    0.328131 0.209400
    0.360944 0.211900
    0.393757 0.214200
    0.426570 0.216300
    0.459383 0.218200
    0.492196 0.220100
    0.525009 0.221800
    0.557822 0.223400
    0.590635 0.224900
    0.623448 0.226300
    0.656261 0.227600
    0.689074 0.228800
    0.721887 0.230000
    0.754700 0.231000
    0.787513 0.232000
    0.820326 0.233000
    0.853139 0.233800
    0.885953 0.234600
    0.918766 0.235400
    0.951579 0.236000
    0.984392 0.236600
    1.017205 0.237200
    1.050018 0.237700
    1.082831 0.238100
    1.115644 0.238500
    1.148457 0.238800
    1.181270 0.239100
    1.214083 0.239300
    1.246896 0.239400
    1.279709 0.239500
    1.312522 0.239600
    1.345335 0.239600
    1.378148 0.239500
    1.410961 0.239400
    1.443775 0.239200
    1.476588 0.239000
    1.509401 0.238700
    1.542214 0.238000
    1.575027 0.237200
    1.607840 0.236400
    1.640653 0.235500
    1.673466 0.234600
    1.706279 0.233600
    1.739092 0.232600
    1.771905 0.231500
    1.804718 0.230300
    1.837531 0.229100
    1.870344 0.227800
    1.903157 0.226400
    1.935970 0.225000
    1.968783 0.223400
    2.001596 0.221900
    2.034410 0.220200
    2.067223 0.218400
    2.100036 0.216600
    2.132849 0.214700
    2.165662 0.212700
    2.198475 0.210600
    2.231288 0.208400
    2.264101 0.206000
    2.296914 0.203600
    2.329727 0.201100
    2.362540 0.198400
    2.395353 0.195600
    2.428166 0.192600
    2.460979 0.189500
    2.493792 0.186200
    2.526605 0.182800
    2.559418 0.179200
    2.592232 0.175300
    2.625045 0.171300
    2.657858 0.167000
    2.690671 0.162400
    2.723484 0.157600
    2.756297 0.152400
    2.789110 0.146900
    2.821923 0.140900
    2.854736 0.134500
    2.887549 0.127400
    2.920362 0.119800
    2.953175 0.111300
    2.985988 0.101700
    3.018801 0.090800
    3.045400 0.077800
    3.065400 0.061600
    3.085400 0.038100
    3.105400 0.042200
    3.125400 0.285700
    3.145400 0.282000
    3.165400 0.278100
    3.185400 0.274100
   4
    -0.080000 0.180900
    -0.060000 0.185400
    -0.040000 0.189600
    -0.020000 0.193400
    0.000000 0.196900
    0.032813 0.200100
    0.065626 0.203100
    0.098439 0.205900
    0.131252 0.208500
    0.164065 0.211000
    0.196878 0.213300
    0.229691 0.215500
    0.262504 0.217500
    0.295318 0.219400
    0.328131 0.221200
    0.360944 0.222900
    0.393757 0.224500
    0.426570 0.226000
    0.459383 0.227400
    0.492196 0.228800
    0.525009 0.230000
    0.557822 0.231200
    0.590635 0.232300
    0.623448 0.233300
    0.656261 0.234300
    0.689074 0.235200
    0.721887 0.236100
    0.754700 0.236900
    0.787513 0.237600
    0.820326 0.238300
    0.853139 0.238900
    0.885953 0.239400
    0.918766 0.239900
    0.951579 0.240400
    0.984392 0.240800
    1.017205 0.241100
    1.050018 0.241400
    1.082831 0.241600
    1.115644 0.241800
    1.148457 0.242000
    1.181270 0.242000
    1.214083 0.242100
    1.246896 0.242100
    1.279709 0.242000
    1.312522 0.241900
    1.345335 0.241700
    1.378148 0.241500
    1.410961 0.241200
    1.443775 0.240900
    1.476588 0.240400
    1.509401 0.239800
    1.542214 0.239200
    1.575027 0.238500
    1.607840 0.237800
    1.640653 0.237000
    1.673466 0.236200
    1.706279 0.235300
    1.739092 0.234400
    1.771905 0.233400
    1.804718 0.232300
    1.837531 0.231200
    1.870344 0.230000
    1.903157 0.228700
    1.935970 0.227300
    1.968783 0.225900
    2.001596 0.224400
    2.034410 0.222900
    2.067223 0.221200
    2.100036 0.219500
    2.132849 0.217700
    2.165662 0.215800
    2.198475 0.213800
    2.231288 0.211700
    2.264101 0.209500
    2.296914 0.207100
    2.329727 0.204700
    2.362540 0.202100
    2.395353 0.199400
    2.428166 0.196600
    2.460979 0.193600
    2.493792 0.190500
    2.526605 0.187200
    2.559418 0.183700
    2.592232 0.180100
    2.625045 0.176200
    2.657858 0.172000
    2.690671 0.167700
    2.723484 0.163000
    2.756297 0.158100
    2.789110 0.152800
    2.821923 0.147100
    2.854736 0.140900
    2.887549 0.134300
    2.920362 0.127000
    2.953175 0.119100
    2.985988 0.110200
    3.018801 0.100100
    3.045400 0.088500
    3.065400 0.074600
    3.085400 0.056700
    3.105400 0.027700
    3.125400 0.288600
    3.145400 0.284800
    3.165400 0.280900
    3.185400 0.276900
   5
    -0.080000 0.201100
    -0.060000 0.203700
    -0.040000 0.206100
    -0.020000 0.062800
    0.000000 0.114900
    0.032813 0.149600
    0.065626 0.177400
    0.098439 0.201300
    0.131252 0.218900
    0.164065 0.220700
    0.196878 0.222500
    0.229691 0.224200
    0.262504 0.225900
    0.295318 0.227400
    0.328131 0.228900
    0.360944 0.230400
    0.393757 0.231800
    0.426570 0.233100
    0.459383 0.234400
    0.492196 0.235600
    0.525009 0.236700
    0.557822 0.237900
    0.590635 0.238900
    0.623448 0.239900
    0.656261 0.240900
    0.689074 0.241800
    0.721887 0.242600
    0.754700 0.243400
    0.787513 0.244200
    0.820326 0.244900
    0.853139 0.245600
    0.885953 0.246200
    0.918766 0.246800
    0.951579 0.247300
    0.984392 0.247800
    1.017205 0.248300
    1.050018 0.248700
    1.082831 0.249000
    1.115644 0.249300
    1.148457 0.249600
    1.181270 0.249800
    1.214083 0.250000
    1.246896 0.250100
    1.279709 0.250200
    1.312522 0.250300
    1.345335 0.250300
    1.378148 0.250200
    1.410961 0.250200
    1.443775 0.250000
    1.476588 0.249900
    1.509401 0.249600
    1.542214 0.249400
    1.575027 0.249100
    1.607840 0.248700
    1.640653 0.248300
    1.673466 0.247800
    1.706279 0.247300
    1.739092 0.246500
    1.771905 0.245500
    1.804718 0.244400
    1.837531 0.243200
    1.870344 0.242100
    1.903157 0.240800
    1.935970 0.239500
    1.968783 0.238200
    2.001596 0.236700
    2.034410 0.235200
    2.067223 0.233700
    2.100036 0.232100
    2.132849 0.230400
    2.165662 0.228600
    2.198475 0.226800
    2.231288 0.224900
    2.264101 0.222900
    2.296914 0.220800
    2.329727 0.218600
    2.362540 0.216300
    2.395353 0.214000
    2.428166 0.211500
    2.460979 0.208900
    2.493792 0.206200
    2.526605 0.203400
    2.559418 0.200500
    2.592232 0.197400
    2.625045 0.194200
    2.657858 0.190800
    2.690671 0.187200
    2.723484 0.183500
    2.756297 0.179600
    2.789110 0.175400
    2.821923 0.171000
    2.854736 0.166400
    2.887549 0.161500
    2.920362 0.156300
    2.953175 0.150700
    2.985988 0.144800
    3.018801 0.138300
    3.045400 0.131400
    3.065400 0.123800
    3.085400 0.115500
    3.105400 0.106200
    3.125400 0.095600
    3.145400 0.083300
    3.165400 0.068300
    3.185400 0.048100
   6
    -0.080000 0.211400
    -0.060000 0.079300
    -0.040000 0.129300
    -0.020000 0.163500
    0.000000 0.188400
    0.032813 0.203800
    0.065626 0.211800
    0.098439 0.216400
    0.131252 0.219700
    0.164065 0.222300
    0.196878 0.224500
    0.229691 0.226500
    0.262504 0.228300
    0.295318 0.230000
    0.328131 0.231600
    0.360944 0.233000
    0.393757 0.234500
    0.426570 0.235800
    0.459383 0.237000
    0.492196 0.238200
    0.525009 0.239400
    0.557822 0.240500
    0.590635 0.241500
    0.623448 0.242400
    0.656261 0.243400
    0.689074 0.244200
    0.721887 0.245000
    0.754700 0.245800
    0.787513 0.246500
    0.820326 0.247200
    0.853139 0.247800
    0.885953 0.248400
    0.918766 0.248900
    0.951579 0.249400
    0.984392 0.249900
    1.017205 0.250300
    1.050018 0.250600
    1.082831 0.250900
    1.115644 0.251200
    1.148457 0.251400
    1.181270 0.251600
    1.214083 0.251800
    1.246896 0.251900
    1.279709 0.251900
    1.312522 0.251900
    1.345335 0.251900
    1.378148 0.251800
    1.410961 0.251700
    1.443775 0.251500
    1.476588 0.251300
    1.509401 0.251100
    1.542214 0.250800
    1.575027 0.250400
    1.607840 0.250000
    1.640653 0.249500
    1.673466 0.248600
    1.706279 0.247700
    1.739092 0.246700
    1.771905 0.245700
    1.804718 0.244600
    1.837531 0.243500
    1.870344 0.242300
    1.903157 0.241100
    1.935970 0.239800
    1.968783 0.238500
    2.001596 0.237000
    2.034410 0.235600
    2.067223 0.234000
    2.100036 0.232400
    2.132849 0.230700
    2.165662 0.229000
    2.198475 0.227100
    2.231288 0.225200
    2.264101 0.223200
    2.296914 0.221200
    2.329727 0.219000
    2.362540 0.216700
    2.395353 0.214400
    2.428166 0.211900
    2.460979 0.209300
    2.493792 0.206700
    2.526605 0.203800
    2.559418 0.200900
    2.592232 0.197800
    2.625045 0.194600
    2.657858 0.191200
    2.690671 0.187700
    2.723484 0.183900
    2.756297 0.180000
    2.789110 0.175900
    2.821923 0.171500
    2.854736 0.166900
    2.887549 0.162000
    2.920362 0.156800
    2.953175 0.151200
    2.985988 0.145200
    3.018801 0.138800
    3.045400 0.131800
    3.065400 0.124200
    3.085400 0.115900
    3.105400 0.106500
    3.125400 0.095900
    3.145400 0.083600
    3.165400 0.068500
    3.185400 0.048200
   7
    -0.080000 0.201300
    -0.060000 0.206600
    -0.040000 0.210900
    -0.020000 0.214600
    0.000000 0.217700
    0.032813 0.220600
    0.065626 0.223100
    0.098439 0.225500
    0.131252 0.227600
    0.164065 0.229600
    0.196878 0.231400
    0.229691 0.233100
    0.262504 0.234800
    0.295318 0.236300
    0.328131 0.237700
    0.360944 0.239100
    0.393757 0.240400
    0.426570 0.241600
    0.459383 0.242700
    0.492196 0.243800
    0.525009 0.244800
    0.557822 0.245800
    0.590635 0.246700
    0.623448 0.247500
    0.656261 0.248300
    0.689074 0.249100
    0.721887 0.249800
    0.754700 0.250500
    0.787513 0.251100
    0.820326 0.251600
    0.853139 0.252200
    0.885953 0.252600
    0.918766 0.253100
    0.951579 0.253400
    0.984392 0.253800
    1.017205 0.254100
    1.050018 0.254300
    1.082831 0.254500
    1.115644 0.254700
    1.148457 0.254800
    1.181270 0.254900
    1.214083 0.255000
    1.246896 0.255000
    1.279709 0.254900
    1.312522 0.254900
    1.345335 0.254700
    1.378148 0.254600
    1.410961 0.254300
    1.443775 0.254100
    1.476588 0.253700
    1.509401 0.253100
    1.542214 0.252400
    1.575027 0.251700
    1.607840 0.251000
    1.640653 0.250200
    1.673466 0.249400
    1.706279 0.248500
    1.739092 0.247600
    1.771905 0.246600
    1.804718 0.245600
    1.837531 0.244500
    1.870344 0.243300
    1.903157 0.242100
    1.935970 0.240900
    1.968783 0.239600
    2.001596 0.238200
    2.034410 0.236800
    2.067223 0.235300
    2.100036 0.233700
    2.132849 0.232000
    2.165662 0.230300
    2.198475 0.228500
    2.231288 0.226700
    2.264101 0.224700
    2.296914 0.222700
    2.329727 0.220600
    2.362540 0.218300
    2.395353 0.216000
    2.428166 0.213600
    2.460979 0.211100
    2.493792 0.208400
    2.526605 0.205700
    2.559418 0.202800
    2.592232 0.199800
    2.625045 0.196600
    2.657858 0.193300
    2.690671 0.189800
    2.723484 0.186100
    2.756297 0.182200
    2.789110 0.178200
    2.821923 0.173900
    2.854736 0.169300
    2.887549 0.164500
    2.920362 0.159300
    2.953175 0.153900
    2.985988 0.148000
    3.018801 0.141700
    3.045400 0.134900
    3.065400 0.127400
    3.085400 0.119300
    3.105400 0.110200
    3.125400 0.099900
    3.145400 0.088100
    3.165400 0.073800
    3.185400 0.055300
   8
    -0.080000 0.220000
    -0.060000 0.222400
    -0.040000 0.224700
    -0.020000 0.226800
    0.000000 0.228800
    0.032813 0.230600
    0.065626 0.232400
    0.098439 0.234100
    0.131252 0.235700
    0.164065 0.237200
    0.196878 0.238600
    0.229691 0.240000
    0.262504 0.241300
    0.295318 0.242500
    0.328131 0.243700
    0.360944 0.244800
    0.393757 0.245800
    0.426570 0.246800
    0.459383 0.247800
    0.492196 0.248600
    0.525009 0.249500
    0.557822 0.250300
    0.590635 0.251000
    0.623448 0.251700
    0.656261 0.252400
    0.689074 0.253000
    0.721887 0.253500
    0.754700 0.254000
    0.787513 0.254500
    0.820326 0.254900
    0.853139 0.255300
    0.885953 0.255700
    0.918766 0.256000
    0.951579 0.256200
    0.984392 0.256500
    1.017205 0.256600
    1.050018 0.256800
    1.082831 0.256900
    1.115644 0.256900
    1.148457 0.257000
    1.181270 0.256900
    1.214083 0.256900
    1.246896 0.256800
    1.279709 0.256600
    1.312522 0.256400
    1.345335 0.256200
    1.378148 0.255800
    1.410961 0.255400
    1.443775 0.255000
    1.476588 0.254500
    1.509401 0.254000
    1.542214 0.253400
    1.575027 0.252800
    1.607840 0.252100
    1.640653 0.251400
    1.673466 0.250600
    1.706279 0.249800
    1.739092 0.248900
    1.771905 0.248000
    1.804718 0.247100
    1.837531 0.246000
    1.870344 0.245000
    1.903157 0.243800
    1.935970 0.242600
    1.968783 0.241400
    2.001596 0.240100
    2.034410 0.238700
    2.067223 0.237300
    2.100036 0.235800
    2.132849 0.234200
    2.165662 0.232600
    2.198475 0.230900
    2.231288 0.229100
    2.264101 0.227200
    2.296914 0.225200
    2.329727 0.223200
    2.362540 0.221100
    2.395353 0.218800
    2.428166 0.216500
    2.460979 0.214100
    2.493792 0.211500
    2.526605 0.208900
    2.559418 0.206100
    2.592232 0.203100
    2.625045 0.200100
    2.657858 0.196900
    2.690671 0.193500
    2.723484 0.190000
    2.756297 0.186200
    2.789110 0.182300
    2.821923 0.178200
    2.854736 0.173800
    2.887549 0.169100
    2.920362 0.164200
    2.953175 0.158900
    2.985988 0.153300
    3.018801 0.147300
    3.045400 0.140800
    3.065400 0.133700
    3.085400 0.126000
    3.105400 0.117500
    3.125400 0.107900
    3.145400 0.097000
    3.165400 0.084300
    3.185400 0.068700
   9
    -0.080000 0.171500
    -0.060000 0.200400
    -0.040000 0.226700
    -0.020000 0.251500
    0.000000 0.274900
    0.032813 0.276100
    0.065626 0.277100
    0.098439 0.278200
    0.131252 0.279200
    0.164065 0.280200
    0.196878 0.281100
    0.229691 0.282000
    0.262504 0.282900
    0.295318 0.283700
    0.328131 0.284500
    0.360944 0.285200
    0.393757 0.285900
    0.426570 0.286600
    0.459383 0.287200
    0.492196 0.287800
    0.525009 0.288400
    0.557822 0.289000
    0.590635 0.289500
    0.623448 0.289900
    0.656261 0.290400
    0.689074 0.290800
    0.721887 0.291200
    0.754700 0.291500
    0.787513 0.291800
    0.820326 0.292100
    0.853139 0.292400
    0.885953 0.292600
    0.918766 0.292800
    0.951579 0.292900
    0.984392 0.293100
    1.017205 0.293200
    1.050018 0.293200
    1.082831 0.293300
    1.115644 0.293300
    1.148457 0.293200
    1.181270 0.293200
    1.214083 0.293100
    1.246896 0.292900
    1.279709 0.292800
    1.312522 0.292600
    1.345335 0.292300
    1.378148 0.292100
    1.410961 0.291800
    1.443775 0.291500
    1.476588 0.291100
    1.509401 0.290700
    1.542214 0.290300
    1.575027 0.289800
    1.607840 0.289300
    1.640653 0.288800
    1.673466 0.288200
    1.706279 0.287600
    1.739092 0.287000
    1.771905 0.286300
    1.804718 0.285600
    1.837531 0.284800
    1.870344 0.284100
    1.903157 0.283200
    1.935970 0.282400
    1.968783 0.281400
    2.001596 0.280500
    2.034410 0.279500
    2.067223 0.278500
    2.100036 0.277400
    2.132849 0.276300
    2.165662 0.275000
    2.198475 0.273600
    2.231288 0.272200
    2.264101 0.270800
    2.296914 0.269300
    2.329727 0.267700
    2.362540 0.266100
    2.395353 0.264400
    2.428166 0.262700
    2.460979 0.260900
    2.493792 0.259000
    2.526605 0.257100
    2.559418 0.255100
    2.592232 0.253000
    2.625045 0.250900
    2.657858 0.248600
    2.690671 0.246300
    2.723484 0.243900
    2.756297 0.241400
    2.789110 0.238900
    2.821923 0.236200
    2.854736 0.233400
    2.887549 0.230500
    2.920362 0.227500
    2.953175 0.224400
    2.985988 0.221200
    3.018801 0.217800
    3.045400 0.214300
    3.065400 0.210600
    3.085400 0.206800
    3.105400 0.202800
    3.125400 0.198600
    3.145400 0.194200
    3.165400 0.189600
    3.185400 0.184700
   10
    -0.080000 0.225000
    -0.060000 0.242700
    -0.040000 0.255500
    -0.020000 0.263400
    0.000000 0.268200
    0.032813 0.271400
    0.065626 0.273800
    0.098439 0.275600
    0.131252 0.277200
    0.164065 0.278600
    0.196878 0.279900
    0.229691 0.281000
    0.262504 0.282100
    0.295318 0.283100
    0.328131 0.284000
    0.360944 0.284900
    0.393757 0.285700
    0.426570 0.286500
    0.459383 0.287200
    0.492196 0.287900
    0.525009 0.288500
    0.557822 0.289100
    0.590635 0.289600
    0.623448 0.290200
    0.656261 0.290600
    0.689074 0.291100
    0.721887 0.291500
    0.754700 0.291900
    0.787513 0.292200
    0.820326 0.292500
    0.853139 0.292800
    0.885953 0.293000
    0.918766 0.293200
    0.951579 0.293400
    0.984392 0.293500
    1.017205 0.293700
    1.050018 0.293700
    1.082831 0.293800
    1.115644 0.293800
    1.148457 0.293800
    1.181270 0.293700
    1.214083 0.293600
    1.246896 0.293500
    1.279709 0.293400
    1.312522 0.293200
    1.345335 0.292900
    1.378148 0.292700
    1.410961 0.292400
    1.443775 0.292100
    1.476588 0.291700
    1.509401 0.291400
    1.542214 0.290900
    1.575027 0.290500
    1.607840 0.290000
    1.640653 0.289500
    1.673466 0.288900
    1.706279 0.288300
    1.739092 0.287700
    1.771905 0.287000
    1.804718 0.286300
    1.837531 0.285500
    1.870344 0.284600
    1.903157 0.283700
    1.935970 0.282700
    1.968783 0.281700
    2.001596 0.280700
    2.034410 0.279500
    2.067223 0.278400
    2.100036 0.277200
    2.132849 0.275900
    2.165662 0.274600
    2.198475 0.273300
    2.231288 0.271900
    2.264101 0.270400
    2.296914 0.268900
    2.329727 0.267400
    2.362540 0.265700
    2.395353 0.264000
    2.428166 0.262300
    2.460979 0.260500
    2.493792 0.258600
    2.526605 0.256600
    2.559418 0.254600
    2.592232 0.252500
    2.625045 0.250400
    2.657858 0.248100
    2.690671 0.245800
    2.723484 0.243400
    2.756297 0.240800
    2.789110 0.238200
    2.821923 0.235500
    2.854736 0.232700
    2.887549 0.229800
    2.920362 0.226800
    2.953175 0.223600
    2.985988 0.220300
    3.018801 0.216900
    3.045400 0.213300
    3.065400 0.209600
    3.085400 0.205700
    3.105400 0.201700
    3.125400 0.197400
    3.145400 0.192900
    3.165400 0.188200
    3.185400 0.183300
   11
    -0.080000 0.266500
    -0.060000 0.268400
    -0.040000 0.270100
    -0.020000 0.271800
    0.000000 0.273300
    0.032813 0.274700
    0.065626 0.276000
    0.098439 0.277300
    0.131252 0.278500
    0.164065 0.279600
    0.196878 0.280700
    0.229691 0.281700
    0.262504 0.282700
    0.295318 0.283700
    0.328131 0.284500
    0.360944 0.285400
    0.393757 0.286200
    0.426570 0.286900
    0.459383 0.287600
    0.492196 0.288300
    0.525009 0.288900
    0.557822 0.289500
    0.590635 0.290100
    0.623448 0.290600
    0.656261 0.291100
    0.689074 0.291600
    0.721887 0.292000
    0.754700 0.292400
    0.787513 0.292700
    0.820326 0.293000
    0.853139 0.293300
    0.885953 0.293500
    0.918766 0.293800
    0.951579 0.293900
    0.984392 0.294100
    1.017205 0.294200
    1.050018 0.294300
    1.082831 0.294300
    1.115644 0.294400
    1.148457 0.294300
    1.181270 0.294300
    1.214083 0.294200
    1.246896 0.294100
    1.279709 0.293900
    1.312522 0.293800
    1.345335 0.293600
    1.378148 0.293300
    1.410961 0.293000
    1.443775 0.292700
    1.476588 0.292400
    1.509401 0.292000
    1.542214 0.291500
    1.575027 0.291000
    1.607840 0.290400
    1.640653 0.289800
    1.673466 0.289100
    1.706279 0.288400
    1.739092 0.287700
    1.771905 0.286900
    1.804718 0.286100
    1.837531 0.285300
    1.870344 0.284400
    1.903157 0.283400
    1.935970 0.282500
    1.968783 0.281400
    2.001596 0.280400
    2.034410 0.279300
    2.067223 0.278100
    2.100036 0.276900
    2.132849 0.275700
    2.165662 0.274400
    2.198475 0.273000
    2.231288 0.271600
    2.264101 0.270100
    2.296914 0.268600
    2.329727 0.267100
    2.362540 0.265400
    2.395353 0.263700
    2.428166 0.262000
    2.460979 0.260200
    2.493792 0.258300
    2.526605 0.256300
    2.559418 0.254300
    2.592232 0.252200
    2.625045 0.250000
    2.657858 0.247700
    2.690671 0.245400
    2.723484 0.243000
    2.756297 0.240400
    2.789110 0.237800
    2.821923 0.235100
    2.854736 0.232300
    2.887549 0.229300
    2.920362 0.226300
    2.953175 0.223100
    2.985988 0.219800
    3.018801 0.216300
    3.045400 0.212700
    3.065400 0.208900
    3.085400 0.205000
    3.105400 0.200900
    3.125400 0.196500
    3.145400 0.192000
    3.165400 0.187200
    3.185400 0.182200
   12
    -0.080000 0.273100
    -0.060000 0.274300
    -0.040000 0.275500
    -0.020000 0.276700
    0.000000 0.277800
    0.032813 0.278800
    0.065626 0.279900
    0.098439 0.280800
    0.131252 0.281800
    0.164065 0.282700
    0.196878 0.283600
    0.229691 0.284400
    0.262504 0.285200
    0.295318 0.286000
    0.328131 0.286800
    0.360944 0.287500
    0.393757 0.288200
    0.426570 0.288800
    0.459383 0.289400
    0.492196 0.290000
    0.525009 0.290500
    0.557822 0.291000
    0.590635 0.291500
    0.623448 0.292000
    0.656261 0.292400
    0.689074 0.292800
    0.721887 0.293100
    0.754700 0.293500
    0.787513 0.293700
    0.820326 0.294000
    0.853139 0.294200
    0.885953 0.294400
    0.918766 0.294600
    0.951579 0.294700
    0.984392 0.294800
    1.017205 0.294900
    1.050018 0.295000
    1.082831 0.295000
    1.115644 0.294900
    1.148457 0.294900
    1.181270 0.294800
    1.214083 0.294700
    1.246896 0.294500
    1.279709 0.294400
    1.312522 0.294100
    1.345335 0.293900
    1.378148 0.293600
    1.410961 0.293300
    1.443775 0.292900
    1.476588 0.292500
    1.509401 0.292100
    1.542214 0.291600
    1.575027 0.291000
    1.607840 0.290500
    1.640653 0.289900
    1.673466 0.289300
    1.706279 0.288600
    1.739092 0.287900
    1.771905 0.287100
    1.804718 0.286300
    1.837531 0.285500
    1.870344 0.284700
    1.903157 0.283700
    1.935970 0.282800
    1.968783 0.281800
    2.001596 0.280800
    2.034410 0.279700
    2.067223 0.278500
    2.100036 0.277400
    2.132849 0.276100
    2.165662 0.274900
    2.198475 0.273600
    2.231288 0.272200
    2.264101 0.270700
    2.296914 0.269300
    2.329727 0.267700
    2.362540 0.266100
    2.395353 0.264500
    2.428166 0.262700
    2.460979 0.261000
    2.493792 0.259100
    2.526605 0.257200
    2.559418 0.255200
    2.592232 0.253100
    2.625045 0.251000
    2.657858 0.248800
    2.690671 0.246500
    2.723484 0.244100
    2.756297 0.241600
    2.789110 0.239100
    2.821923 0.236400
    2.854736 0.233600
    2.887549 0.230700
    2.920362 0.227700
    2.953175 0.224600
    2.985988 0.221400
    3.018801 0.218000
    3.045400 0.214500
    3.065400 0.210800
    3.085400 0.206900
    3.105400 0.202900
    3.125400 0.198700
    3.145400 0.194300
    3.165400 0.189600
    3.185400 0.184700
   13
    -0.080000 0.332200
    -0.060000 0.333400
    -0.040000 0.334500
    -0.020000 0.335600
    0.000000 0.336700
    0.032813 0.337700
    0.065626 0.338500
    0.098439 0.339300
    0.131252 0.340000
    0.164065 0.340700
    0.196878 0.341400
    0.229691 0.342000
    0.262504 0.342600
    0.295318 0.343200
    0.328131 0.343800
    0.360944 0.344300
    0.393757 0.344800
    0.426570 0.345300
    0.459383 0.345800
    0.492196 0.346200
    0.525009 0.346600
    0.557822 0.347000
    0.590635 0.347400
    0.623448 0.347700
    0.656261 0.348000
    0.689074 0.348300
    0.721887 0.348500
    0.754700 0.348700
    0.787513 0.348900
    0.820326 0.349100
    0.853139 0.349300
    0.885953 0.349400
    0.918766 0.349500
    0.951579 0.349500
    0.984392 0.349600
    1.017205 0.349600
    1.050018 0.349600
    1.082831 0.349500
    1.115644 0.349500
    1.148457 0.349400
    1.181270 0.349300
    1.214083 0.349100
    1.246896 0.348900
    1.279709 0.348700
    1.312522 0.348500
    1.345335 0.348200
    1.378148 0.348000
    1.410961 0.347600
    1.443775 0.347300
    1.476588 0.346900
    1.509401 0.346500
    1.542214 0.346100
    1.575027 0.345600
    1.607840 0.345100
    1.640653 0.344600
    1.673466 0.344100
    1.706279 0.343500
    1.739092 0.342900
    1.771905 0.342200
    1.804718 0.341500
    1.837531 0.340800
    1.870344 0.340100
    1.903157 0.339300
    1.935970 0.338500
    1.968783 0.337700
    2.001596 0.336800
    2.034410 0.335900
    2.067223 0.334900
    2.100036 0.333900
    2.132849 0.332900
    2.165662 0.331800
    2.198475 0.330700
    2.231288 0.329500
    2.264101 0.328400
    2.296914 0.327100
    2.329727 0.325800
    2.362540 0.324500
    2.395353 0.323200
    2.428166 0.321800
    2.460979 0.320300
    2.493792 0.318800
    2.526605 0.317200
    2.559418 0.315600
    2.592232 0.314000
    2.625045 0.312300
    2.657858 0.310500
    2.690671 0.308700
    2.723484 0.306800
    2.756297 0.304800
    2.789110 0.302800
    2.821923 0.300800
    2.854736 0.298600
    2.887549 0.296400
    2.920362 0.294100
    2.953175 0.291800
    2.985988 0.289400
    3.018801 0.286800
    3.045400 0.284300
    3.065400 0.281600
    3.085400 0.278800
    3.105400 0.275900
    3.125400 0.272900
    3.145400 0.269900
    3.165400 0.266700
    3.185400 0.263400
   14
    -0.080000 0.331200
    -0.060000 0.332400
    -0.040000 0.333600
    -0.020000 0.334700
    0.000000 0.335900
    0.032813 0.336900
    0.065626 0.338000
    0.098439 0.339000
    0.131252 0.340000
    0.164065 0.340900
    0.196878 0.341800
    0.229691 0.342700
    0.262504 0.343600
    0.295318 0.344400
    0.328131 0.345200
    0.360944 0.346000
    0.393757 0.346700
    0.426570 0.347200
    0.459383 0.347700
    0.492196 0.348100
    0.525009 0.348600
    0.557822 0.348900
    0.590635 0.349300
    0.623448 0.349600
    0.656261 0.349900
    0.689074 0.350200
    0.721887 0.350500
    0.754700 0.350700
    0.787513 0.350900
    0.820326 0.351100
    0.853139 0.351200
    0.885953 0.351300
    0.918766 0.351400
    0.951579 0.351500
    0.984392 0.351500
    1.017205 0.351600
    1.050018 0.351500
    1.082831 0.351500
    1.115644 0.351500
    1.148457 0.351400
    1.181270 0.351200
    1.214083 0.351100
    1.246896 0.350900
    1.279709 0.350700
    1.312522 0.350500
    1.345335 0.350300
    1.378148 0.350000
    1.410961 0.349700
    1.443775 0.349300
    1.476588 0.349000
    1.509401 0.348600
    1.542214 0.348100
    1.575027 0.347700
    1.607840 0.347200
    1.640653 0.346700
    1.673466 0.346100
    1.706279 0.345600
    1.739092 0.345000
    1.771905 0.344300
    1.804718 0.343700
    1.837531 0.343000
    1.870344 0.342200
    1.903157 0.341400
    1.935970 0.340600
    1.968783 0.339800
    2.001596 0.338900
    2.034410 0.338000
    2.067223 0.337100
    2.100036 0.336100
    2.132849 0.335100
    2.165662 0.334000
    2.198475 0.332900
    2.231288 0.331800
    2.264101 0.330600
    2.296914 0.329400
    2.329727 0.328200
    2.362540 0.326900
    2.395353 0.325500
    2.428166 0.324100
    2.460979 0.322700
    2.493792 0.321200
    2.526605 0.319700
    2.559418 0.318100
    2.592232 0.316500
    2.625045 0.314800
    2.657858 0.313000
    2.690671 0.311300
    2.723484 0.309400
    2.756297 0.307500
    2.789110 0.305500
    2.821923 0.303500
    2.854736 0.301400
    2.887549 0.299200
    2.920362 0.297000
    2.953175 0.294700
    2.985988 0.292300
    3.018801 0.289900
    3.045400 0.287400
    3.065400 0.284800
    3.085400 0.282100
    3.105400 0.279300
    3.125400 0.276400
    3.145400 0.273400
    3.165400 0.270300
    3.185400 0.267100
   15
    -0.080000 0.328700
    -0.060000 0.330000
    -0.040000 0.331200
    -0.020000 0.332400
    0.000000 0.333600
    0.032813 0.334800
    0.065626 0.335900
    0.098439 0.336900
    0.131252 0.338000
    0.164065 0.339000
    0.196878 0.340000
    0.229691 0.340900
    0.262504 0.341800
    0.295318 0.342700
    0.328131 0.343500
    0.360944 0.344300
    0.393757 0.345100
    0.426570 0.345800
    0.459383 0.346500
    0.492196 0.347200
    0.525009 0.347900
    0.557822 0.348500
    0.590635 0.349100
    0.623448 0.349600
    0.656261 0.350100
    0.689074 0.350600
    0.721887 0.351100
    0.754700 0.351500
    0.787513 0.351900
    0.820326 0.352300
    0.853139 0.352700
    0.885953 0.353000
    0.918766 0.353300
    0.951579 0.353500
    0.984392 0.353700
    1.017205 0.353900
    1.050018 0.354100
    1.082831 0.354200
    1.115644 0.354400
    1.148457 0.354400
    1.181270 0.354500
    1.214083 0.354500
    1.246896 0.354400
    1.279709 0.354300
    1.312522 0.354100
    1.345335 0.353800
    1.378148 0.353600
    1.410961 0.353300
    1.443775 0.353000
    1.476588 0.352600
    1.509401 0.352300
    1.542214 0.351900
    1.575027 0.351400
    1.607840 0.351000
    1.640653 0.350500
    1.673466 0.349900
    1.706279 0.349400
    1.739092 0.348800
    1.771905 0.348200
    1.804718 0.347500
    1.837531 0.346900
    1.870344 0.346100
    1.903157 0.345400
    1.935970 0.344600
    1.968783 0.343800
    2.001596 0.342900
    2.034410 0.342000
    2.067223 0.341100
    2.100036 0.340200
    2.132849 0.339200
    2.165662 0.338100
    2.198475 0.337100
    2.231288 0.335900
    2.264101 0.334800
    2.296914 0.333600
    2.329727 0.332300
    2.362540 0.331100
    2.395353 0.329700
    2.428166 0.328400
    2.460979 0.327000
    2.493792 0.325500
    2.526605 0.324000
    2.559418 0.322400
    2.592232 0.320800
    2.625045 0.319200
    2.657858 0.317500
    2.690671 0.315700
    2.723484 0.313900
    2.756297 0.312000
    2.789110 0.310000
    2.821923 0.308000
    2.854736 0.306000
    2.887549 0.303900
    2.920362 0.301700
    2.953175 0.299400
    2.985988 0.297100
    3.018801 0.294700
    3.045400 0.292200
    3.065400 0.289600
    3.085400 0.287000
    3.105400 0.284200
    3.125400 0.281400
    3.145400 0.278500
    3.165400 0.275500
    3.185400 0.272400
   16
    -0.080000 0.324600
    -0.060000 0.326500
    -0.040000 0.328300
    -0.020000 0.329800
    0.000000 0.331100
    0.032813 0.332400
    0.065626 0.333700
    0.098439 0.334900
    0.131252 0.336100
    0.164065 0.337200
    0.196878 0.338300
    0.229691 0.339300
    0.262504 0.340300
    0.295318 0.341300
    0.328131 0.342200
    0.360944 0.343100
    0.393757 0.343900
    0.426570 0.344700
    0.459383 0.345500
    0.492196 0.346200
    0.525009 0.346900
    0.557822 0.347600
    0.590635 0.348200
    0.623448 0.348800
    0.656261 0.349400
    0.689074 0.349900
    0.721887 0.350400
    0.754700 0.350900
    0.787513 0.351300
    0.820326 0.351700
    0.853139 0.352100
    0.885953 0.352400
    0.918766 0.352700
    0.951579 0.353000
    0.984392 0.353200
    1.017205 0.353400
    1.050018 0.353600
    1.082831 0.353700
    1.115644 0.353900
    1.148457 0.353900
    1.181270 0.354000
    1.214083 0.354000
    1.246896 0.354000
    1.279709 0.354000
    1.312522 0.353900
    1.345335 0.353800
    1.378148 0.353600
    1.410961 0.353500
    1.443775 0.353300
    1.476588 0.353000
    1.509401 0.352800
    1.542214 0.352500
    1.575027 0.352100
    1.607840 0.351800
    1.640653 0.351400
    1.673466 0.350900
    1.706279 0.350500
    1.739092 0.350000
    1.771905 0.349400
    1.804718 0.348900
    1.837531 0.348300
    1.870344 0.347600
    1.903157 0.347000
    1.935970 0.346200
    1.968783 0.345500
    2.001596 0.344700
    2.034410 0.343900
    2.067223 0.343000
    2.100036 0.342100
    2.132849 0.341200
    2.165662 0.340200
    2.198475 0.339100
    2.231288 0.338100
    2.264101 0.336900
    2.296914 0.335800
    2.329727 0.334600
    2.362540 0.333300
    2.395353 0.332000
    2.428166 0.330700
    2.460979 0.329300
    2.493792 0.327800
    2.526605 0.326300
    2.559418 0.324800
    2.592232 0.323200
    2.625045 0.321500
    2.657858 0.319800
    2.690671 0.318000
    2.723484 0.316200
    2.756297 0.314300
    2.789110 0.312300
    2.821923 0.310300
    2.854736 0.308200
    2.887549 0.306000
    2.920362 0.303800
    2.953175 0.301500
    2.985988 0.299100
    3.018801 0.296600
    3.045400 0.294100
    3.065400 0.291400
    3.085400 0.288700
    3.105400 0.285900
    3.125400 0.283000
    3.145400 0.280000
    3.165400 0.276800
    3.185400 0.273600
   17
    -0.080000 0.392700
    -0.060000 0.393800
    -0.040000 0.394900
    -0.020000 0.395900
    0.000000 0.397000
    0.032813 0.398000
    0.065626 0.398900
    0.098439 0.399900
    0.131252 0.400800
    0.164065 0.401700
    0.196878 0.402600
    0.229691 0.403400
    0.262504 0.404200
    0.295318 0.405000
    0.328131 0.405700
    0.360944 0.406500
    0.393757 0.407200
    0.426570 0.407800
    0.459383 0.408500
    0.492196 0.409100
    0.525009 0.409700
    0.557822 0.410300
    0.590635 0.410800
    0.623448 0.411300
    0.656261 0.411800
    0.689074 0.412300
    0.721887 0.412700
    0.754700 0.413200
    0.787513 0.413500
    0.820326 0.413900
    0.853139 0.414200
    0.885953 0.414600
    0.918766 0.414800
    0.951579 0.415100
    0.984392 0.415300
    1.017205 0.415600
    1.050018 0.415700
    1.082831 0.415900
    1.115644 0.416000
    1.148457 0.416100
    1.181270 0.416200
    1.214083 0.416300
    1.246896 0.416300
    1.279709 0.416300
    1.312522 0.416200
    1.345335 0.416200
    1.378148 0.416100
    1.410961 0.416000
    1.443775 0.415900
    1.476588 0.415700
    1.509401 0.415500
    1.542214 0.415300
    1.575027 0.415000
    1.607840 0.414700
    1.640653 0.414400
    1.673466 0.414100
    1.706279 0.413700
    1.739092 0.413300
    1.771905 0.412900
    1.804718 0.412400
    1.837531 0.411900
    1.870344 0.411400
    1.903157 0.410800
    1.935970 0.410200
    1.968783 0.409600
    2.001596 0.408900
    2.034410 0.408200
    2.067223 0.407500
    2.100036 0.406700
    2.132849 0.405900
    2.165662 0.405100
    2.198475 0.404200
    2.231288 0.403300
    2.264101 0.402400
    2.296914 0.401400
    2.329727 0.400300
    2.362540 0.399300
    2.395353 0.398100
    2.428166 0.397000
    2.460979 0.395800
    2.493792 0.394500
    2.526605 0.393200
    2.559418 0.391900
    2.592232 0.390500
    2.625045 0.389000
    2.657858 0.387600
    2.690671 0.386000
    2.723484 0.384400
    2.756297 0.382800
    2.789110 0.381000
    2.821923 0.379300
    2.854736 0.377400
    2.887549 0.375600
    2.920362 0.373600
    2.953175 0.371600
    2.985988 0.369500
    3.018801 0.367300
    3.045400 0.365100
    3.065400 0.362800
    3.085400 0.360400
    3.105400 0.357900
    3.125400 0.355300
    3.145400 0.352700
    3.165400 0.349900
    3.185400 0.347100
   18
    -0.080000 0.393100
    -0.060000 0.395400
    -0.040000 0.397600
    -0.020000 0.399400
    0.000000 0.400400
    0.032813 0.401400
    0.065626 0.402400
    0.098439 0.403300
    0.131252 0.404200
    0.164065 0.405100
    0.196878 0.406000
    0.229691 0.406800
    0.262504 0.407600
    0.295318 0.408400
    0.328131 0.409100
    0.360944 0.409800
    0.393757 0.410500
    0.426570 0.411200
    0.459383 0.411900
    0.492196 0.412500
    0.525009 0.413100
    0.557822 0.413600
    0.590635 0.414200
    0.623448 0.414700
    0.656261 0.415200
    0.689074 0.415700
    0.721887 0.416100
    0.754700 0.416500
    0.787513 0.416900
    0.820326 0.417300
    0.853139 0.417600
    0.885953 0.417900
    0.918766 0.418200
    0.951579 0.418500
    0.984392 0.418700
    1.017205 0.418900
    1.050018 0.419100
    1.082831 0.419300
    1.115644 0.419400
    1.148457 0.419500
    1.181270 0.419600
    1.214083 0.419700
    1.246896 0.419700
    1.279709 0.419700
    1.312522 0.419700
    1.345335 0.419600
    1.378148 0.419600
    1.410961 0.419500
    1.443775 0.419300
    1.476588 0.419200
    1.509401 0.419000
    1.542214 0.418800
    1.575027 0.418500
    1.607840 0.418300
    1.640653 0.418000
    1.673466 0.417600
    1.706279 0.417300
    1.739092 0.416900
    1.771905 0.416500
    1.804718 0.416000
    1.837531 0.415500
    1.870344 0.415000
    1.903157 0.414500
    1.935970 0.413900
    1.968783 0.413300
    2.001596 0.412700
    2.034410 0.412000
    2.067223 0.411300
    2.100036 0.410500
    2.132849 0.409800
    2.165662 0.408900
    2.198475 0.408100
    2.231288 0.407200
    2.264101 0.406300
    2.296914 0.405300
    2.329727 0.404300
    2.362540 0.403300
    2.395353 0.402200
    2.428166 0.401000
    2.460979 0.399900
    2.493792 0.398700
    2.526605 0.397400
    2.559418 0.396100
    2.592232 0.394700
    2.625045 0.393300
    2.657858 0.391900
    2.690671 0.390400
    2.723484 0.388800
    2.756297 0.387200
    2.789110 0.385600
    2.821923 0.383900
    2.854736 0.382100
    2.887549 0.380300
    2.920362 0.378400
    2.953175 0.376400
    2.985988 0.374400
    3.018801 0.372300
    3.045400 0.370100
    3.065400 0.367900
    3.085400 0.365600
    3.105400 0.363200
    3.125400 0.360800
    3.145400 0.358200
    3.165400 0.355600
    3.185400 0.352900
   19
    -0.080000 0.398000
    -0.060000 0.400800
    -0.040000 0.403400
    -0.020000 0.406000
    0.000000 0.408400
    0.032813 0.410800
    0.065626 0.412300
    0.098439 0.413200
    0.131252 0.414100
    0.164065 0.414900
    0.196878 0.415800
    0.229691 0.416600
    0.262504 0.417300
    0.295318 0.418100
    0.328131 0.418800
    0.360944 0.419500
    0.393757 0.420100
    0.426570 0.420800
    0.459383 0.421400
    0.492196 0.422000
    0.525009 0.422600
    0.557822 0.423100
    0.590635 0.423600
    0.623448 0.424100
    0.656261 0.424600
    0.689074 0.425100
    0.721887 0.425500
    0.754700 0.425900
    0.787513 0.426300
    0.820326 0.426600
    0.853139 0.427000
    0.885953 0.427300
    0.918766 0.427600
    0.951579 0.427800
    0.984392 0.428000
    1.017205 0.428300
    1.050018 0.428400
    1.082831 0.428600
    1.115644 0.428700
    1.148457 0.428900
    1.181270 0.428900
    1.214083 0.429000
    1.246896 0.429000
    1.279709 0.429100
    1.312522 0.429000
    1.345335 0.429000
    1.378148 0.428900
    1.410961 0.428800
    1.443775 0.428700
    1.476588 0.428600
    1.509401 0.428400
    1.542214 0.428200
    1.575027 0.428000
    1.607840 0.427700
    1.640653 0.427500
    1.673466 0.427100
    1.706279 0.426800
    1.739092 0.426400
    1.771905 0.426100
    1.804718 0.425600
    1.837531 0.425200
    1.870344 0.424700
    1.903157 0.424200
    1.935970 0.423600
    1.968783 0.423100
    2.001596 0.422500
    2.034410 0.421800
    2.067223 0.421100
    2.100036 0.420400
    2.132849 0.419700
    2.165662 0.418900
    2.198475 0.418100
    2.231288 0.417300
    2.264101 0.416400
    2.296914 0.415500
    2.329727 0.414500
    2.362540 0.413500
    2.395353 0.412500
    2.428166 0.411400
    2.460979 0.410300
    2.493792 0.409200
    2.526605 0.408000
    2.559418 0.406700
    2.592232 0.405500
    2.625045 0.404100
    2.657858 0.402800
    2.690671 0.401300
    2.723484 0.399900
    2.756297 0.398400
    2.789110 0.396800
    2.821923 0.395200
    2.854736 0.393500
    2.887549 0.391800
    2.920362 0.390000
    2.953175 0.388200
    2.985988 0.386300
    3.018801 0.384300
    3.045400 0.382300
    3.065400 0.380200
    3.085400 0.378100
    3.105400 0.375800
    3.125400 0.373600
    3.145400 0.371200
    3.165400 0.368800
    3.185400 0.366300
   20
    -0.080000 0.423900
    -0.060000 0.424800
    -0.040000 0.425600
    -0.020000 0.426500
    0.000000 0.427300
    0.032813 0.428100
    0.065626 0.428800
    0.098439 0.429600
    0.131252 0.430300
    0.164065 0.431100
    0.196878 0.431800
    0.229691 0.432500
    0.262504 0.433100
    0.295318 0.433800
    0.328131 0.434400
    0.360944 0.435000
    0.393757 0.435600
    0.426570 0.436200
    0.459383 0.436700
    0.492196 0.437200
    0.525009 0.437800
    0.557822 0.438200
    0.590635 0.438700
    0.623448 0.439200
    0.656261 0.439600
    0.689074 0.440000
    0.721887 0.440400
    0.754700 0.440700
    0.787513 0.441100
    0.820326 0.441400
    0.853139 0.441700
    0.885953 0.442000
    0.918766 0.442200
    0.951579 0.442500
    0.984392 0.442700
    1.017205 0.442900
    1.050018 0.443000
    1.082831 0.443200
    1.115644 0.443300
    1.148457 0.443400
    1.181270 0.443500
    1.214083 0.443500
    1.246896 0.443600
    1.279709 0.443600
    1.312522 0.443600
    1.345335 0.443500
    1.378148 0.443500
    1.410961 0.443400
    1.443775 0.443300
    1.476588 0.443100
    1.509401 0.443000
    1.542214 0.442800
    1.575027 0.442600
    1.607840 0.442300
    1.640653 0.442100
    1.673466 0.441800
    1.706279 0.441500
    1.739092 0.441100
    1.771905 0.440800
    1.804718 0.440400
    1.837531 0.440000
    1.870344 0.439500
    1.903157 0.439000
    1.935970 0.438500
    1.968783 0.438000
    2.001596 0.437400
    2.034410 0.436800
    2.067223 0.436200
    2.100036 0.435600
    2.132849 0.434900
    2.165662 0.434200
    2.198475 0.433400
    2.231288 0.432600
    2.264101 0.431800
    2.296914 0.431000
    2.329727 0.430100
    2.362540 0.429200
    2.395353 0.428200
    2.428166 0.427300
    2.460979 0.426200
    2.493792 0.425200
    2.526605 0.424100
    2.559418 0.423000
    2.592232 0.421800
    2.625045 0.420600
    2.657858 0.419400
    2.690671 0.418100
    2.723484 0.416800
    2.756297 0.415400
    2.789110 0.414000
    2.821923 0.412600
    2.854736 0.411100
    2.887549 0.409600
    2.920362 0.408100
    2.953175 0.406500
    2.985988 0.404900
    3.018801 0.403200
    3.045400 0.401500
    3.065400 0.399800
    3.085400 0.398100
    3.105400 0.396300
    3.125400 0.394600
    3.145400 0.392800
    3.165400 0.391100
    3.185400 0.389300
   21
    -0.080000 0.439700
    -0.060000 0.444900
    -0.040000 0.449500
    -0.020000 0.451200
    0.000000 0.452900
    0.032813 0.454600
    0.065626 0.456200
    0.098439 0.457800
    0.131252 0.459400
    0.164065 0.460900
    0.196878 0.462400
    0.229691 0.463900
    0.262504 0.465400
    0.295318 0.466800
    0.328131 0.468200
    0.360944 0.469500
    0.393757 0.470900
    0.426570 0.472200
    0.459383 0.473400
    0.492196 0.474700
    0.525009 0.475900
    0.557822 0.477100
    0.590635 0.478200
    0.623448 0.479400
    0.656261 0.480500
    0.689074 0.481500
    0.721887 0.482600
    0.754700 0.483600
    0.787513 0.484600
    0.820326 0.485600
    0.853139 0.486500
    0.885953 0.487400
    0.918766 0.488300
    0.951579 0.489200
    0.984392 0.490000
    1.017205 0.490800
    1.050018 0.491600
    1.082831 0.492400
    1.115644 0.493100
    1.148457 0.493800
    1.181270 0.494500
    1.214083 0.495100
    1.246896 0.495700
    1.279709 0.496300
    1.312522 0.496900
    1.345335 0.497400
    1.378148 0.498000
    1.410961 0.498400
    1.443775 0.498900
    1.476588 0.499300
    1.509401 0.499700
    1.542214 0.500100
    1.575027 0.500500
    1.607840 0.500800
    1.640653 0.501100
    1.673466 0.501300
    1.706279 0.501600
    1.739092 0.501800
    1.771905 0.502000
    1.804718 0.502100
    1.837531 0.502200
    1.870344 0.502300
    1.903157 0.502400
    1.935970 0.502400
    1.968783 0.502400
    2.001596 0.502300
    2.034410 0.502300
    2.067223 0.502200
    2.100036 0.502000
    2.132849 0.501900
    2.165662 0.501700
    2.198475 0.501400
    2.231288 0.501100
    2.264101 0.500800
    2.296914 0.500500
    2.329727 0.500100
    2.362540 0.499700
    2.395353 0.499200
    2.428166 0.498700
    2.460979 0.498100
    2.493792 0.497500
    2.526605 0.496900
    2.559418 0.496200
    2.592232 0.495500
    2.625045 0.494700
    2.657858 0.493900
    2.690671 0.493100
    2.723484 0.492200
    2.756297 0.491200
    2.789110 0.490200
    2.821923 0.489100
    2.854736 0.488000
    2.887549 0.486800
    2.920362 0.485600
    2.953175 0.484300
    2.985988 0.482900
    3.018801 0.481500
    3.045400 0.480000
    3.065400 0.478400
    3.085400 0.476800
    3.105400 0.475100
    3.125400 0.473300
    3.145400 0.471500
    3.165400 0.469500
    3.185400 0.467500
   22
    -0.080000 0.449100
    -0.060000 0.450900
    -0.040000 0.452700
    -0.020000 0.454400
    0.000000 0.456200
    0.032813 0.457800
    0.065626 0.459500
    0.098439 0.461100
    0.131252 0.462700
    0.164065 0.464200
    0.196878 0.465700
    0.229691 0.467200
    0.262504 0.468700
    0.295318 0.470100
    0.328131 0.471500
    0.360944 0.472900
    0.393757 0.474200
    0.426570 0.475600
    0.459383 0.476800
    0.492196 0.478100
    0.525009 0.479300
    0.557822 0.480500
    0.590635 0.481700
    0.623448 0.482900
    0.656261 0.484000
    0.689074 0.485100
    0.721887 0.486100
    0.754700 0.487200
    0.787513 0.488200
    0.820326 0.489200
    0.853139 0.490100
    0.885953 0.491100
    0.918766 0.492000
    0.951579 0.492800
    0.984392 0.493700
    1.017205 0.494500
    1.050018 0.495300
    1.082831 0.496100
    1.115644 0.496900
    1.148457 0.497600
    1.181270 0.498300
    1.214083 0.498900
    1.246896 0.499600
    1.279709 0.500200
    1.312522 0.500800
    1.345335 0.501400
    1.378148 0.501900
    1.410961 0.502400
    1.443775 0.502900
    1.476588 0.503400
    1.509401 0.503800
    1.542214 0.504200
    1.575027 0.504600
    1.607840 0.504900
    1.640653 0.505200
    1.673466 0.505500
    1.706279 0.505800
    1.739092 0.506000
    1.771905 0.506200
    1.804718 0.506400
    1.837531 0.506600
    1.870344 0.506700
    1.903157 0.506800
    1.935970 0.506800
    1.968783 0.506900
    2.001596 0.506900
    2.034410 0.506800
    2.067223 0.506800
    2.100036 0.506700
    2.132849 0.506500
    2.165662 0.506400
    2.198475 0.506200
    2.231288 0.505900
    2.264101 0.505700
    2.296914 0.505300
    2.329727 0.505000
    2.362540 0.504600
    2.395353 0.504200
    2.428166 0.503700
    2.460979 0.503300
    2.493792 0.502700
    2.526605 0.502100
    2.559418 0.501500
    2.592232 0.500800
    2.625045 0.500100
    2.657858 0.499400
    2.690671 0.498600
    2.723484 0.497700
    2.756297 0.496800
    2.789110 0.495900
    2.821923 0.494900
    2.854736 0.493800
    2.887549 0.492700
    2.920362 0.491600
    2.953175 0.490300
    2.985988 0.489100
    3.018801 0.487700
    3.045400 0.486300
    3.065400 0.484800
    3.085400 0.483300
    3.105400 0.481700
    3.125400 0.480000
    3.145400 0.478200
    3.165400 0.476400
    3.185400 0.474500
   23
    -0.080000 0.458300
    -0.060000 0.460200
    -0.040000 0.462000
    -0.020000 0.463700
    0.000000 0.465500
    0.032813 0.467100
    0.065626 0.468800
    0.098439 0.470400
    0.131252 0.472000
    0.164065 0.473600
    0.196878 0.475200
    0.229691 0.476700
    0.262504 0.478200
    0.295318 0.479600
    0.328131 0.481000
    0.360944 0.482400
    0.393757 0.483800
    0.426570 0.485100
    0.459383 0.486400
    0.492196 0.487700
    0.525009 0.489000
    0.557822 0.490200
    0.590635 0.491400
    0.623448 0.492600
    0.656261 0.493800
    0.689074 0.494900
    0.721887 0.496000
    0.754700 0.497100
    0.787513 0.498100
    0.820326 0.499100
    0.853139 0.500100
    0.885953 0.501100
    0.918766 0.502100
    0.951579 0.503000
    0.984392 0.503900
    1.017205 0.504700
    1.050018 0.505600
    1.082831 0.506400
    1.115644 0.507200
    1.148457 0.508000
    1.181270 0.508700
    1.214083 0.509500
    1.246896 0.510200
    1.279709 0.510800
    1.312522 0.511500
    1.345335 0.512100
    1.378148 0.512700
    1.410961 0.513300
    1.443775 0.513800
    1.476588 0.514300
    1.509401 0.514800
    1.542214 0.515300
    1.575027 0.515700
    1.607840 0.516200
    1.640653 0.516500
    1.673466 0.516900
    1.706279 0.517200
    1.739092 0.517600
    1.771905 0.517800
    1.804718 0.518100
    1.837531 0.518300
    1.870344 0.518500
    1.903157 0.518700
    1.935970 0.518800
    1.968783 0.519000
    2.001596 0.519000
    2.034410 0.519100
    2.067223 0.519100
    2.100036 0.519100
    2.132849 0.519100
    2.165662 0.519000
    2.198475 0.518900
    2.231288 0.518800
    2.264101 0.518600
    2.296914 0.518400
    2.329727 0.518200
    2.362540 0.517900
    2.395353 0.517600
    2.428166 0.517300
    2.460979 0.516900
    2.493792 0.516500
    2.526605 0.516100
    2.559418 0.515600
    2.592232 0.515100
    2.625045 0.514500
    2.657858 0.513900
    2.690671 0.513200
    2.723484 0.512600
    2.756297 0.511800
    2.789110 0.511000
    2.821923 0.510200
    2.854736 0.509300
    2.887549 0.508400
    2.920362 0.507400
    2.953175 0.506400
    2.985988 0.505300
    3.018801 0.504100
    3.045400 0.502900
    3.065400 0.501700
    3.085400 0.500400
    3.105400 0.499000
    3.125400 0.497500
    3.145400 0.496000
    3.165400 0.494400
    3.185400 0.492800
   24
    -0.080000 0.473200
    -0.060000 0.475000
    -0.040000 0.476700
    -0.020000 0.478500
    0.000000 0.480200
    0.032813 0.481900
    0.065626 0.483500
    0.098439 0.485200
    0.131252 0.486700
    0.164065 0.488300
    0.196878 0.489900
    0.229691 0.491400
    0.262504 0.492900
    0.295318 0.494300
    0.328131 0.495800
    0.360944 0.497200
    0.393757 0.498500
    0.426570 0.499900
    0.459383 0.501200
    0.492196 0.502500
    0.525009 0.503800
    0.557822 0.505100
    0.590635 0.506300
    0.623448 0.507500
    0.656261 0.508700
    0.689074 0.509800
    0.721887 0.511000
    0.754700 0.512100
    0.787513 0.513200
    0.820326 0.514200
    0.853139 0.515300
    0.885953 0.516300
    0.918766 0.517300
    0.951579 0.518200
    0.984392 0.519200
    1.017205 0.520100
    1.050018 0.521000
    1.082831 0.521900
    1.115644 0.522700
    1.148457 0.523500
    1.181270 0.524300
    1.214083 0.525100
    1.246896 0.525900
    1.279709 0.526600
    1.312522 0.527300
    1.345335 0.528000
    1.378148 0.528700
    1.410961 0.529300
    1.443775 0.529900
    1.476588 0.530500
    1.509401 0.531100
    1.542214 0.531700
    1.575027 0.532200
    1.607840 0.532700
    1.640653 0.533200
    1.673466 0.533600
    1.706279 0.534100
    1.739092 0.534500
    1.771905 0.534800
    1.804718 0.535200
    1.837531 0.535500
    1.870344 0.535800
    1.903157 0.536100
    1.935970 0.536400
    1.968783 0.536600
    2.001596 0.536800
    2.034410 0.537000
    2.067223 0.537100
    2.100036 0.537200
    2.132849 0.537300
    2.165662 0.537400
    2.198475 0.537400
    2.231288 0.537500
    2.264101 0.537400
    2.296914 0.537400
    2.329727 0.537300
    2.362540 0.537200
    2.395353 0.537100
    2.428166 0.536900
    2.460979 0.536700
    2.493792 0.536400
    2.526605 0.536200
    2.559418 0.535900
    2.592232 0.535500
    2.625045 0.535100
    2.657858 0.534700
    2.690671 0.534300
    2.723484 0.533800
    2.756297 0.533300
    2.789110 0.532700
    2.821923 0.532100
    2.854736 0.531500
    2.887549 0.530800
    2.920362 0.530100
    2.953175 0.529300
    2.985988 0.528500
    3.018801 0.527600
    3.045400 0.526700
    3.065400 0.525700
    3.085400 0.524700
    3.105400 0.523700
    3.125400 0.522500
    3.145400 0.521400
    3.165400 0.520100
    3.185400 0.518900
   25
    -0.080000 0.423900
    -0.060000 0.433000
    -0.040000 0.442100
    -0.020000 0.451500
    0.000000 0.461200
    0.032813 0.471300
    0.065626 0.481800
    0.098439 0.492100
    0.131252 0.494500
    0.164065 0.496800
    0.196878 0.499100
    0.229691 0.501400
    0.262504 0.503700
    0.295318 0.505900
    0.328131 0.508100
    0.360944 0.510300
    0.393757 0.512400
    0.426570 0.514600
    0.459383 0.516600
    0.492196 0.518700
    0.525009 0.520800
    0.557822 0.522800
    0.590635 0.524800
    0.623448 0.526700
    0.656261 0.528700
    0.689074 0.530600
    0.721887 0.532500
    0.754700 0.534300
    0.787513 0.536200
    0.820326 0.538000
    0.853139 0.539800
    0.885953 0.541600
    0.918766 0.543300
    0.951579 0.545100
    0.984392 0.546800
    1.017205 0.548400
    1.050018 0.550100
    1.082831 0.551800
    1.115644 0.553400
    1.148457 0.555000
    1.181270 0.556500
    1.214083 0.558100
    1.246896 0.559600
    1.279709 0.561100
    1.312522 0.562600
    1.345335 0.564100
    1.378148 0.565600
    1.410961 0.567000
    1.443775 0.568400
    1.476588 0.569800
    1.509401 0.571200
    1.542214 0.572500
    1.575027 0.573800
    1.607840 0.575100
    1.640653 0.576400
    1.673466 0.577700
    1.706279 0.578900
    1.739092 0.580200
    1.771905 0.581400
    1.804718 0.582500
    1.837531 0.583700
    1.870344 0.584800
    1.903157 0.586000
    1.935970 0.587100
    1.968783 0.588100
    2.001596 0.589200
    2.034410 0.590200
    2.067223 0.591200
    2.100036 0.592200
    2.132849 0.593200
    2.165662 0.594200
    2.198475 0.595100
    2.231288 0.596000
    2.264101 0.596900
    2.296914 0.597700
    2.329727 0.598600
    2.362540 0.599400
    2.395353 0.600200
    2.428166 0.600900
    2.460979 0.601700
    2.493792 0.602400
    2.526605 0.603100
    2.559418 0.603700
    2.592232 0.604400
    2.625045 0.605000
    2.657858 0.605600
    2.690671 0.606100
    2.723484 0.606700
    2.756297 0.607200
    2.789110 0.607700
    2.821923 0.608100
    2.854736 0.608500
    2.887549 0.608900
    2.920362 0.609200
    2.953175 0.609600
    2.985988 0.609800
    3.018801 0.610100
    3.045400 0.610300
    3.065400 0.610500
    3.085400 0.610600
    3.105400 0.610700
    3.125400 0.610800
    3.145400 0.610800
    3.165400 0.610800
    3.185400 0.610700
   26
    -0.080000 0.476700
    -0.060000 0.479300
    -0.040000 0.481900
    -0.020000 0.484500
    0.000000 0.487000
    0.032813 0.489500
    0.065626 0.491900
    0.098439 0.494400
    0.131252 0.496800
    0.164065 0.499100
    0.196878 0.501500
    0.229691 0.503800
    0.262504 0.506000
    0.295318 0.508300
    0.328131 0.510500
    0.360944 0.512700
    0.393757 0.514900
    0.426570 0.517000
    0.459383 0.519100
    0.492196 0.521200
    0.525009 0.523300
    0.557822 0.525300
    0.590635 0.527300
    0.623448 0.529300
    0.656261 0.531200
    0.689074 0.533200
    0.721887 0.535100
    0.754700 0.537000
    0.787513 0.538800
    0.820326 0.540700
    0.853139 0.542500
    0.885953 0.544300
    0.918766 0.546100
    0.951579 0.547800
    0.984392 0.549500
    1.017205 0.551200
    1.050018 0.552900
    1.082831 0.554600
    1.115644 0.556200
    1.148457 0.557800
    1.181270 0.559400
    1.214083 0.561000
    1.246896 0.562600
    1.279709 0.564100
    1.312522 0.565600
    1.345335 0.567100
    1.378148 0.568600
    1.410961 0.570000
    1.443775 0.571500
    1.476588 0.572900
    1.509401 0.574300
    1.542214 0.575600
    1.575027 0.577000
    1.607840 0.578300
    1.640653 0.579600
    1.673466 0.580900
    1.706279 0.582200
    1.739092 0.583400
    1.771905 0.584600
    1.804718 0.585800
    1.837531 0.587000
    1.870344 0.588200
    1.903157 0.589300
    1.935970 0.590500
    1.968783 0.591600
    2.001596 0.592700
    2.034410 0.593700
    2.067223 0.594800
    2.100036 0.595800
    2.132849 0.596800
    2.165662 0.597800
    2.198475 0.598700
    2.231288 0.599700
    2.264101 0.600600
    2.296914 0.601500
    2.329727 0.602300
    2.362540 0.603200
    2.395353 0.604000
    2.428166 0.604800
    2.460979 0.605600
    2.493792 0.606300
    2.526605 0.607100
    2.559418 0.607800
    2.592232 0.608400
    2.625045 0.609100
    2.657858 0.609700
    2.690671 0.610300
    2.723484 0.610900
    2.756297 0.611400
    2.789110 0.612000
    2.821923 0.612400
    2.854736 0.612900
    2.887549 0.613300
    2.920362 0.613700
    2.953175 0.614100
    2.985988 0.614400
    3.018801 0.614700
    3.045400 0.615000
    3.065400 0.615200
    3.085400 0.615400
    3.105400 0.615600
    3.125400 0.615700
    3.145400 0.615800
    3.165400 0.615800
    3.185400 0.615800
   27
    -0.080000 0.482200
    -0.060000 0.484900
    -0.040000 0.487600
    -0.020000 0.490200
    0.000000 0.492800
    0.032813 0.495300
    0.065626 0.497800
    0.098439 0.500300
    0.131252 0.502700
    0.164065 0.505200
    0.196878 0.507500
    0.229691 0.509900
    0.262504 0.512200
    0.295318 0.514500
    0.328131 0.516800
    0.360944 0.519000
    0.393757 0.521200
    0.426570 0.523400
    0.459383 0.525600
    0.492196 0.527700
    0.525009 0.529800
    0.557822 0.531900
    0.590635 0.534000
    0.623448 0.536000
    0.656261 0.538000
    0.689074 0.540000
    0.721887 0.542000
    0.754700 0.543900
    0.787513 0.545800
    0.820326 0.547700
    0.853139 0.549600
    0.885953 0.551400
    0.918766 0.553200
    0.951579 0.555000
    0.984392 0.556800
    1.017205 0.558500
    1.050018 0.560300
    1.082831 0.562000
    1.115644 0.563700
    1.148457 0.565300
    1.181270 0.567000
    1.214083 0.568600
    1.246896 0.570200
    1.279709 0.571800
    1.312522 0.573400
    1.345335 0.574900
    1.378148 0.576400
    1.410961 0.577900
    1.443775 0.579400
    1.476588 0.580900
    1.509401 0.582300
    1.542214 0.583800
    1.575027 0.585200
    1.607840 0.586500
    1.640653 0.587900
    1.673466 0.589200
    1.706279 0.590600
    1.739092 0.591900
    1.771905 0.593200
    1.804718 0.594400
    1.837531 0.595700
    1.870344 0.596900
    1.903157 0.598100
    1.935970 0.599300
    1.968783 0.600500
    2.001596 0.601600
    2.034410 0.602700
    2.067223 0.603800
    2.100036 0.604900
    2.132849 0.606000
    2.165662 0.607100
    2.198475 0.608100
    2.231288 0.609100
    2.264101 0.610100
    2.296914 0.611000
    2.329727 0.612000
    2.362540 0.612900
    2.395353 0.613800
    2.428166 0.614700
    2.460979 0.615600
    2.493792 0.616400
    2.526605 0.617200
    2.559418 0.618000
    2.592232 0.618800
    2.625045 0.619500
    2.657858 0.620200
    2.690671 0.620900
    2.723484 0.621600
    2.756297 0.622300
    2.789110 0.622900
    2.821923 0.623500
    2.854736 0.624000
    2.887549 0.624600
    2.920362 0.625100
    2.953175 0.625600
    2.985988 0.626100
    3.018801 0.626500
    3.045400 0.626900
    3.065400 0.627300
    3.085400 0.627600
    3.105400 0.627900
    3.125400 0.628200
    3.145400 0.628400
    3.165400 0.628600
    3.185400 0.628800
   28
    -0.080000 0.489300
    -0.060000 0.492000
    -0.040000 0.494700
    -0.020000 0.497400
    0.000000 0.500100
    0.032813 0.502700
    0.065626 0.505300
    0.098439 0.507900
    0.131252 0.510400
    0.164065 0.512900
    0.196878 0.515300
    0.229691 0.517800
    0.262504 0.520200
    0.295318 0.522500
    0.328131 0.524900
    0.360944 0.527200
    0.393757 0.529500
    0.426570 0.531700
    0.459383 0.533900
    0.492196 0.536100
    0.525009 0.538300
    0.557822 0.540500
    0.590635 0.542600
    0.623448 0.544700
    0.656261 0.546800
    0.689074 0.548800
    0.721887 0.550800
    0.754700 0.552800
    0.787513 0.554800
    0.820326 0.556700
    0.853139 0.558700
    0.885953 0.560600
    0.918766 0.562400
    0.951579 0.564300
    0.984392 0.566100
    1.017205 0.568000
    1.050018 0.569700
    1.082831 0.571500
    1.115644 0.573300
    1.148457 0.575000
    1.181270 0.576700
    1.214083 0.578400
    1.246896 0.580000
    1.279709 0.581700
    1.312522 0.583300
    1.345335 0.584900
    1.378148 0.586500
    1.410961 0.588000
    1.443775 0.589600
    1.476588 0.591100
    1.509401 0.592600
    1.542214 0.594100
    1.575027 0.595600
    1.607840 0.597000
    1.640653 0.598400
    1.673466 0.599800
    1.706279 0.601200
    1.739092 0.602600
    1.771905 0.603900
    1.804718 0.605300
    1.837531 0.606600
    1.870344 0.607900
    1.903157 0.609100
    1.935970 0.610400
    1.968783 0.611600
    2.001596 0.612800
    2.034410 0.614000
    2.067223 0.615200
    2.100036 0.616400
    2.132849 0.617500
    2.165662 0.618600
    2.198475 0.619700
    2.231288 0.620800
    2.264101 0.621900
    2.296914 0.622900
    2.329727 0.623900
    2.362540 0.624900
    2.395353 0.625900
    2.428166 0.626900
    2.460979 0.627800
    2.493792 0.628800
    2.526605 0.629700
    2.559418 0.630600
    2.592232 0.631400
    2.625045 0.632300
    2.657858 0.633100
    2.690671 0.633900
    2.723484 0.634700
    2.756297 0.635400
    2.789110 0.636200
    2.821923 0.636900
    2.854736 0.637600
    2.887549 0.638200
    2.920362 0.638900
    2.953175 0.639500
    2.985988 0.640100
    3.018801 0.640600
    3.045400 0.641200
    3.065400 0.641700
    3.085400 0.642200
    3.105400 0.642600
    3.125400 0.643100
    3.145400 0.643500
    3.165400 0.643800
    3.185400 0.644200
