2001
-24.9006 0.0000
-24.8806 0.0000
-24.8606 0.0000
-24.8406 0.0000
-24.8206 0.0000
-24.8006 0.0000
-24.7806 0.0000
-24.7606 0.0000
-24.7406 0.0000
-24.7206 0.0000
-24.7006 0.0000
-24.6806 0.0000
-24.6606 0.0000
-24.6406 0.0000
-24.6206 0.0000
-24.6006 0.0000
-24.5806 0.0000
-24.5606 0.0000
-24.5406 0.0000
-24.5206 0.0000
-24.5006 0.0000
-24.4806 0.0000
-24.4606 0.0000
-24.4406 0.0000
-24.4206 0.0000
-24.4006 0.0000
-24.3806 0.0000
-24.3606 0.0000
-24.3406 0.0000
-24.3206 0.0000
-24.3006 0.0000
-24.2806 0.0000
-24.2606 0.0000
-24.2406 0.0000
-24.2206 0.0000
-24.2006 0.0000
-24.1806 0.0000
-24.1606 0.0000
-24.1406 0.0000
-24.1206 0.0000
-24.1006 0.0000
-24.0806 0.0000
-24.0606 0.0000
-24.0406 0.0000
-24.0206 0.0000
-24.0006 0.0000
-23.9806 0.0000
-23.9606 0.0000
-23.9406 0.0000
-23.9206 0.0000
-23.9006 0.0000
-23.8806 0.0000
-23.8606 0.0000
-23.8406 0.0000
-23.8206 0.0000
-23.8006 0.0000
-23.7806 0.0000
-23.7606 0.0000
-23.7406 0.0000
-23.7206 0.0000
-23.7006 0.0000
-23.6806 0.0000
-23.6606 0.0000
-23.6406 0.0000
-23.6206 0.0000
-23.6006 0.0000
-23.5806 0.0000
-23.5606 0.0000
-23.5406 0.0000
-23.5206 0.0000
-23.5006 0.0000
-23.4806 0.0000
-23.4606 0.0000
-23.4406 0.0000
-23.4206 0.0000
-23.4006 0.0000
-23.3806 0.0000
-23.3606 0.0000
-23.3406 0.0000
-23.3206 0.0000
-23.3006 0.0000
-23.2806 0.0000
-23.2606 0.0000
-23.2406 0.0000
-23.2206 0.0000
-23.2006 0.0000
-23.1806 0.0000
-23.1606 0.0000
-23.1406 0.0000
-23.1206 0.0000
-23.1006 0.0000
-23.0806 0.0000
-23.0606 0.0000
-23.0406 0.0000
-23.0206 0.0000
-23.0006 0.0000
-22.9806 0.0000
-22.9606 0.0000
-22.9406 0.0000
-22.9206 0.0000
-22.9006 0.0000
-22.8806 0.0000
-22.8606 0.0000
-22.8406 0.0000
-22.8206 0.0000
-22.8006 0.0000
-22.7806 0.0000
-22.7606 0.0000
-22.7406 0.0000
-22.7206 0.0000
-22.7006 0.0000
-22.6806 0.0000
-22.6606 0.0000
-22.6406 0.0000
-22.6206 0.0000
-22.6006 0.0000
-22.5806 0.0000
-22.5606 0.0000
-22.5406 0.0000
-22.5206 0.0000
-22.5006 0.0000
-22.4806 0.0000
-22.4606 0.0000
-22.4406 0.0000
-22.4206 0.0000
-22.4006 0.0000
-22.3806 0.0000
-22.3606 0.0000
-22.3406 0.0000
-22.3206 0.0000
-22.3006 0.0000
-22.2806 0.0000
-22.2606 0.0000
-22.2406 0.0000
-22.2206 0.0000
-22.2006 0.0000
-22.1806 0.0000
-22.1606 0.0000
-22.1406 0.0000
-22.1206 0.0000
-22.1006 0.0000
-22.0806 0.0000
-22.0606 0.0000
-22.0406 0.0000
-22.0206 0.0000
-22.0006 0.0000
-21.9806 0.0000
-21.9606 0.0000
-21.9406 0.0000
-21.9206 0.0000
-21.9006 0.0000
-21.8806 0.0000
-21.8606 0.0000
-21.8406 0.0000
-21.8206 0.0000
-21.8006 0.0000
-21.7806 0.0000
-21.7606 0.0000
-21.7406 0.0000
-21.7206 0.0000
-21.7006 0.0000
-21.6806 0.0000
-21.6606 0.0000
-21.6406 0.0000
-21.6206 0.0000
-21.6006 0.0000
-21.5806 0.0000
-21.5606 0.0000
-21.5406 0.0000
-21.5206 0.0000
-21.5006 0.0000
-21.4806 0.0000
-21.4606 0.0000
-21.4406 0.0000
-21.4206 0.0000
-21.4006 0.0000
-21.3806 0.0000
-21.3606 0.0000
-21.3406 0.0000
-21.3206 0.0000
-21.3006 0.0000
-21.2806 0.0000
-21.2606 0.0000
-21.2406 0.0000
-21.2206 0.0000
-21.2006 0.0000
-21.1806 0.0000
-21.1606 0.0000
-21.1406 0.0000
-21.1206 0.0000
-21.1006 0.0000
-21.0806 0.0000
-21.0606 0.0000
-21.0406 0.0000
-21.0206 0.0000
-21.0006 0.0000
-20.9806 0.0000
-20.9606 0.0000
-20.9406 0.0000
-20.9206 0.0000
-20.9006 0.0000
-20.8806 0.0000
-20.8606 0.0000
-20.8406 0.0000
-20.8206 0.0000
-20.8006 0.0000
-20.7806 0.0000
-20.7606 0.0000
-20.7406 0.0000
-20.7206 0.0000
-20.7006 0.0000
-20.6806 0.0000
-20.6606 0.0000
-20.6406 0.0000
-20.6206 0.0000
-20.6006 0.0000
-20.5806 0.0000
-20.5606 0.0000
-20.5406 0.0000
-20.5206 0.0000
-20.5006 0.0000
-20.4806 0.0000
-20.4606 0.0000
-20.4406 0.0000
-20.4206 0.0000
-20.4006 0.0000
-20.3806 0.0000
-20.3606 0.0000
-20.3406 0.0000
-20.3206 0.0000
-20.3006 0.0000
-20.2806 0.0000
-20.2606 0.0000
-20.2406 0.0000
-20.2206 0.0000
-20.2006 0.0000
-20.1806 0.0000
-20.1606 0.0000
-20.1406 0.0000
-20.1206 0.0000
-20.1006 0.0000
-20.0806 0.0000
-20.0606 0.0000
-20.0406 0.0000
-20.0206 0.0000
-20.0006 0.0000
-19.9806 0.0000
-19.9606 0.0000
-19.9406 0.0000
-19.9206 0.0000
-19.9006 0.0000
-19.8806 0.0000
-19.8606 0.0000
-19.8406 0.0000
-19.8206 0.0000
-19.8006 0.0000
-19.7806 0.0000
-19.7606 0.0000
-19.7406 0.0000
-19.7206 0.0000
-19.7006 0.0000
-19.6806 0.0000
-19.6606 0.0000
-19.6406 0.0000
-19.6206 0.0000
-19.6006 0.0000
-19.5806 0.0000
-19.5606 0.0000
-19.5406 0.0000
-19.5206 0.0000
-19.5006 0.0000
-19.4806 0.0000
-19.4606 0.0000
-19.4406 0.0000
-19.4206 0.0000
-19.4006 0.0000
-19.3806 0.0000
-19.3606 0.0000
-19.3406 0.0000
-19.3206 0.0000
-19.3006 0.0000
-19.2806 0.0000
-19.2606 0.0000
-19.2406 0.0000
-19.2206 0.0000
-19.2006 0.0000
-19.1806 0.0000
-19.1606 0.0000
-19.1406 0.0000
-19.1206 0.0000
-19.1006 0.0000
-19.0806 0.0000
-19.0606 0.0000
-19.0406 0.0000
-19.0206 0.0000
-19.0006 0.0000
-18.9806 0.0000
-18.9606 0.0000
-18.9406 0.0000
-18.9206 0.0000
-18.9006 0.0000
-18.8806 0.0000
-18.8606 0.0000
-18.8406 0.0000
-18.8206 0.0000
-18.8006 0.0000
-18.7806 0.0000
-18.7606 0.0000
-18.7406 0.0000
-18.7206 0.0000
-18.7006 0.0000
-18.6806 0.0000
-18.6606 0.0000
-18.6406 0.0000
-18.6206 0.0000
-18.6006 0.0000
-18.5806 0.0000
-18.5606 0.0000
-18.5406 0.0000
-18.5206 0.0000
-18.5006 0.0000
-18.4806 0.0000
-18.4606 0.0000
-18.4406 0.0000
-18.4206 0.0000
-18.4006 0.0000
-18.3806 0.0000
-18.3606 0.0000
-18.3406 0.0000
-18.3206 0.0000
-18.3006 0.0000
-18.2806 0.0000
-18.2606 0.0000
-18.2406 0.0000
-18.2206 0.0152
-18.2006 0.0839
-18.1806 0.1976
-18.1606 0.2832
-18.1406 0.3179
-18.1206 0.3341
-18.1006 0.3730
-18.0806 0.4282
-18.0606 0.4870
-18.0406 0.5365
-18.0206 0.5722
-18.0006 0.6020
-17.9806 0.6365
-17.9606 0.6714
-17.9406 0.7085
-17.9206 0.7479
-17.9006 0.7926
-17.8806 0.8421
-17.8606 0.8941
-17.8406 0.9431
-17.8206 0.9870
-17.8006 1.0287
-17.7806 1.0834
-17.7606 1.1442
-17.7406 1.2025
-17.7206 1.2566
-17.7006 1.3138
-17.6806 1.3834
-17.6606 1.4728
-17.6406 1.5719
-17.6206 1.6776
-17.6006 2.6934
-17.5806 2.8867
-17.5606 2.1023
-17.5406 1.8501
-17.5206 1.9612
-17.5006 2.0988
-17.4806 2.1544
-17.4606 2.2269
-17.4406 2.2177
-17.4206 2.3236
-17.4006 2.4751
-17.3806 2.6851
-17.3606 2.9998
-17.3406 2.9913
-17.3206 2.8861
-17.3006 3.0073
-17.2806 3.1305
-17.2606 3.2343
-17.2406 3.3356
-17.2206 3.4631
-17.2006 3.8693
-17.1806 4.6142
-17.1606 12.0664
-17.1406 10.4658
-17.1206 7.4317
-17.1006 6.6077
-17.0806 6.8062
-17.0606 7.8033
-17.0406 7.6141
-17.0206 6.3572
-17.0006 6.0579
-16.9806 6.0617
-16.9606 6.0936
-16.9406 6.2420
-16.9206 5.9445
-16.9006 5.0204
-16.8806 4.1648
-16.8606 3.2109
-16.8406 2.4000
-16.8206 3.0585
-16.8006 2.0955
-16.7806 2.5776
-16.7606 3.5625
-16.7406 6.3667
-16.7206 11.1796
-16.7006 15.5144
-16.6806 16.2770
-16.6606 14.9985
-16.6406 14.5571
-16.6206 14.1064
-16.6006 16.2105
-16.5806 12.3965
-16.5606 11.3236
-16.5406 11.3572
-16.5206 10.2387
-16.5006 9.5571
-16.4806 9.5559
-16.4606 8.4355
-16.4406 5.3491
-16.4206 2.5058
-16.4006 2.1264
-16.3806 1.4133
-16.3606 0.8956
-16.3406 0.0257
-16.3206 0.0000
-16.3006 0.0000
-16.2806 0.0000
-16.2606 0.0000
-16.2406 0.0000
-16.2206 0.0000
-16.2006 0.0000
-16.1806 0.0000
-16.1606 0.0000
-16.1406 0.0000
-16.1206 0.0000
-16.1006 0.0000
-16.0806 0.0000
-16.0606 0.0000
-16.0406 0.0000
-16.0206 0.0000
-16.0006 0.0000
-15.9806 0.0000
-15.9606 0.0000
-15.9406 0.0000
-15.9206 0.0000
-15.9006 0.0000
-15.8806 0.0000
-15.8606 0.0000
-15.8406 0.0000
-15.8206 0.0000
-15.8006 0.0000
-15.7806 0.0000
-15.7606 0.0000
-15.7406 0.0000
-15.7206 0.0000
-15.7006 0.0000
-15.6806 0.0000
-15.6606 0.0000
-15.6406 0.0000
-15.6206 0.0000
-15.6006 0.0000
-15.5806 0.0000
-15.5606 0.0000
-15.5406 0.0000
-15.5206 0.0000
-15.5006 0.0000
-15.4806 0.0000
-15.4606 0.0000
-15.4406 0.0000
-15.4206 0.0000
-15.4006 0.0000
-15.3806 0.0000
-15.3606 0.0000
-15.3406 0.0000
-15.3206 0.0000
-15.3006 0.0000
-15.2806 0.0000
-15.2606 0.0000
-15.2406 0.0000
-15.2206 0.0000
-15.2006 0.0000
-15.1806 0.0000
-15.1606 0.0000
-15.1406 0.0000
-15.1206 0.0000
-15.1006 0.0000
-15.0806 0.0000
-15.0606 0.0000
-15.0406 0.0000
-15.0206 0.0000
-15.0006 0.0000
-14.9806 0.0000
-14.9606 0.0000
-14.9406 0.0000
-14.9206 0.0000
-14.9006 0.0000
-14.8806 0.0000
-14.8606 0.0000
-14.8406 0.0000
-14.8206 0.0000
-14.8006 0.0000
-14.7806 0.0000
-14.7606 0.0000
-14.7406 0.0000
-14.7206 0.0000
-14.7006 0.0000
-14.6806 0.0000
-14.6606 0.0000
-14.6406 0.0000
-14.6206 0.0000
-14.6006 0.0000
-14.5806 0.0000
-14.5606 0.0000
-14.5406 0.0000
-14.5206 0.0000
-14.5006 0.0000
-14.4806 0.0000
-14.4606 0.0000
-14.4406 0.0000
-14.4206 0.0000
-14.4006 0.0000
-14.3806 0.0000
-14.3606 0.0000
-14.3406 0.0000
-14.3206 0.0000
-14.3006 0.0000
-14.2806 0.0000
-14.2606 0.0000
-14.2406 0.0000
-14.2206 0.0000
-14.2006 0.0000
-14.1806 0.0000
-14.1606 0.0000
-14.1406 0.0000
-14.1206 0.0000
-14.1006 0.0000
-14.0806 0.0000
-14.0606 0.0000
-14.0406 0.0000
-14.0206 0.0000
-14.0006 0.0000
-13.9806 0.0000
-13.9606 0.0000
-13.9406 0.0000
-13.9206 0.0000
-13.9006 0.0000
-13.8806 0.0000
-13.8606 0.0000
-13.8406 0.0000
-13.8206 0.0000
-13.8006 0.0000
-13.7806 0.0000
-13.7606 0.0000
-13.7406 0.0000
-13.7206 0.0000
-13.7006 0.0000
-13.6806 0.0000
-13.6606 0.0000
-13.6406 0.0000
-13.6206 0.0000
-13.6006 0.0000
-13.5806 0.0000
-13.5606 0.0000
-13.5406 0.0000
-13.5206 0.0000
-13.5006 0.0000
-13.4806 0.0000
-13.4606 0.0000
-13.4406 0.0000
-13.4206 0.0000
-13.4006 0.0000
-13.3806 0.0000
-13.3606 0.0000
-13.3406 0.0000
-13.3206 0.0000
-13.3006 0.0000
-13.2806 0.0000
-13.2606 0.0000
-13.2406 0.0000
-13.2206 0.0000
-13.2006 0.0000
-13.1806 0.0000
-13.1606 0.0000
-13.1406 0.0000
-13.1206 0.0000
-13.1006 0.0000
-13.0806 0.0000
-13.0606 0.0000
-13.0406 0.0000
-13.0206 0.0000
-13.0006 0.0000
-12.9806 0.0000
-12.9606 0.0000
-12.9406 0.0000
-12.9206 0.0000
-12.9006 0.0000
-12.8806 0.0000
-12.8606 0.0000
-12.8406 0.0000
-12.8206 0.0000
-12.8006 0.0000
-12.7806 0.0000
-12.7606 0.0000
-12.7406 0.0000
-12.7206 0.0000
-12.7006 0.0000
-12.6806 0.0000
-12.6606 0.0000
-12.6406 0.0000
-12.6206 0.0000
-12.6006 0.0000
-12.5806 0.0000
-12.5606 0.0000
-12.5406 0.0000
-12.5206 0.0000
-12.5006 0.0000
-12.4806 0.0000
-12.4606 0.0000
-12.4406 0.0000
-12.4206 0.0000
-12.4006 0.0000
-12.3806 0.0000
-12.3606 0.0000
-12.3406 0.0000
-12.3206 0.0000
-12.3006 0.0000
-12.2806 0.0000
-12.2606 0.0000
-12.2406 0.0000
-12.2206 0.0000
-12.2006 0.0000
-12.1806 0.0000
-12.1606 0.0000
-12.1406 0.0000
-12.1206 0.0000
-12.1006 0.0000
-12.0806 0.0000
-12.0606 0.0000
-12.0406 0.0000
-12.0206 0.0000
-12.0006 0.0000
-11.9806 0.0000
-11.9606 0.0000
-11.9406 0.0000
-11.9206 0.0000
-11.9006 0.0000
-11.8806 0.0000
-11.8606 0.0000
-11.8406 0.0000
-11.8206 0.0000
-11.8006 0.0000
-11.7806 0.0000
-11.7606 0.0000
-11.7406 0.0000
-11.7206 0.0000
-11.7006 0.0000
-11.6806 0.0000
-11.6606 0.0000
-11.6406 0.0000
-11.6206 0.0000
-11.6006 0.0000
-11.5806 0.0000
-11.5606 0.0000
-11.5406 0.0000
-11.5206 0.0000
-11.5006 0.0000
-11.4806 0.0000
-11.4606 0.0000
-11.4406 0.0000
-11.4206 0.0000
-11.4006 0.0000
-11.3806 0.0000
-11.3606 0.0000
-11.3406 0.0000
-11.3206 0.0000
-11.3006 0.0000
-11.2806 0.0000
-11.2606 0.0000
-11.2406 0.0000
-11.2206 0.0000
-11.2006 0.0000
-11.1806 0.0000
-11.1606 0.0000
-11.1406 0.0000
-11.1206 0.0000
-11.1006 0.0000
-11.0806 0.0000
-11.0606 0.0000
-11.0406 0.0000
-11.0206 0.0000
-11.0006 0.0000
-10.9806 0.0000
-10.9606 0.0000
-10.9406 0.0000
-10.9206 0.0000
-10.9006 0.0000
-10.8806 0.0000
-10.8606 0.0000
-10.8406 0.0000
-10.8206 0.0000
-10.8006 0.0000
-10.7806 0.0000
-10.7606 0.0000
-10.7406 0.0000
-10.7206 0.0000
-10.7006 0.0000
-10.6806 0.0000
-10.6606 0.0000
-10.6406 0.0000
-10.6206 0.0000
-10.6006 0.0000
-10.5806 0.0000
-10.5606 0.0000
-10.5406 0.0000
-10.5206 0.0000
-10.5006 0.0000
-10.4806 0.0000
-10.4606 0.0000
-10.4406 0.0000
-10.4206 0.0000
-10.4006 0.0000
-10.3806 0.0000
-10.3606 0.0000
-10.3406 0.0000
-10.3206 0.0000
-10.3006 0.0000
-10.2806 0.0000
-10.2606 0.0000
-10.2406 0.0000
-10.2206 0.0000
-10.2006 0.0000
-10.1806 0.0000
-10.1606 0.0000
-10.1406 0.0000
-10.1206 0.0000
-10.1006 0.0000
-10.0806 0.0000
-10.0606 0.0000
-10.0406 0.0000
-10.0206 0.0000
-10.0006 0.0000
-9.9806 0.0000
-9.9606 0.0000
-9.9406 0.0000
-9.9206 0.0000
-9.9006 0.0000
-9.8806 0.0000
-9.8606 0.0000
-9.8406 0.0000
-9.8206 0.0000
-9.8006 0.0000
-9.7806 0.0000
-9.7606 0.0000
-9.7406 0.0000
-9.7206 0.0000
-9.7006 0.0000
-9.6806 0.0000
-9.6606 0.0000
-9.6406 0.0000
-9.6206 0.0000
-9.6006 0.0000
-9.5806 0.0000
-9.5606 0.0000
-9.5406 0.0000
-9.5206 0.0000
-9.5006 0.0000
-9.4806 0.0000
-9.4606 0.0000
-9.4406 0.0000
-9.4206 0.0000
-9.4006 0.0000
-9.3806 0.0000
-9.3606 0.0000
-9.3406 0.0000
-9.3206 0.0000
-9.3006 0.0000
-9.2806 0.0000
-9.2606 0.0000
-9.2406 0.0000
-9.2206 0.0000
-9.2006 0.0000
-9.1806 0.0000
-9.1606 0.0000
-9.1406 0.0000
-9.1206 0.0000
-9.1006 0.0000
-9.0806 0.0000
-9.0606 0.0000
-9.0406 0.0000
-9.0206 0.0000
-9.0006 0.0000
-8.9806 0.0000
-8.9606 0.0000
-8.9406 0.0000
-8.9206 0.0000
-8.9006 0.0000
-8.8806 0.0000
-8.8606 0.0000
-8.8406 0.0000
-8.8206 0.0000
-8.8006 0.0000
-8.7806 0.0000
-8.7606 0.0000
-8.7406 0.0000
-8.7206 0.0000
-8.7006 0.0000
-8.6806 0.0000
-8.6606 0.0000
-8.6406 0.0000
-8.6206 0.0000
-8.6006 0.0000
-8.5806 0.0000
-8.5606 0.0000
-8.5406 0.0000
-8.5206 0.0000
-8.5006 0.0000
-8.4806 0.0000
-8.4606 0.0000
-8.4406 0.0000
-8.4206 0.0000
-8.4006 0.0000
-8.3806 0.0000
-8.3606 0.0000
-8.3406 0.0000
-8.3206 0.0000
-8.3006 0.0000
-8.2806 0.0000
-8.2606 0.0000
-8.2406 0.0000
-8.2206 0.0000
-8.2006 0.0000
-8.1806 0.0000
-8.1606 0.0000
-8.1406 0.0000
-8.1206 0.0000
-8.1006 0.0000
-8.0806 0.0000
-8.0606 0.0000
-8.0406 0.0000
-8.0206 0.0000
-8.0006 0.0000
-7.9806 0.0000
-7.9606 0.0000
-7.9406 0.0000
-7.9206 0.0000
-7.9006 0.0000
-7.8806 0.0000
-7.8606 0.0000
-7.8406 0.0000
-7.8206 0.0000
-7.8006 0.0000
-7.7806 0.0000
-7.7606 0.0000
-7.7406 0.0000
-7.7206 0.0000
-7.7006 0.0000
-7.6806 0.0000
-7.6606 0.0000
-7.6406 0.0000
-7.6206 0.0000
-7.6006 0.0000
-7.5806 0.0000
-7.5606 0.0000
-7.5406 0.0000
-7.5206 0.0000
-7.5006 0.0000
-7.4806 0.0000
-7.4606 0.0000
-7.4406 0.0000
-7.4206 0.0000
-7.4006 0.0000
-7.3806 0.0000
-7.3606 0.0000
-7.3406 0.0000
-7.3206 0.0000
-7.3006 0.0000
-7.2806 0.0000
-7.2606 0.0000
-7.2406 0.0000
-7.2206 0.0000
-7.2006 0.0000
-7.1806 0.0000
-7.1606 0.0000
-7.1406 0.0000
-7.1206 0.0000
-7.1006 0.0000
-7.0806 0.0000
-7.0606 0.0000
-7.0406 0.0000
-7.0206 0.0000
-7.0006 0.0000
-6.9806 0.0000
-6.9606 0.0000
-6.9406 0.0000
-6.9206 0.0000
-6.9006 0.0000
-6.8806 0.0000
-6.8606 0.0000
-6.8406 0.0000
-6.8206 0.0000
-6.8006 0.0000
-6.7806 0.0000
-6.7606 0.0000
-6.7406 0.0000
-6.7206 0.0000
-6.7006 0.0000
-6.6806 0.0000
-6.6606 0.0000
-6.6406 0.0000
-6.6206 0.0000
-6.6006 0.0000
-6.5806 0.0000
-6.5606 0.0000
-6.5406 0.0000
-6.5206 0.0000
-6.5006 0.0000
-6.4806 0.0000
-6.4606 0.0000
-6.4406 0.0000
-6.4206 0.0000
-6.4006 0.0000
-6.3806 0.0000
-6.3606 0.0000
-6.3406 0.0000
-6.3206 0.0000
-6.3006 0.0000
-6.2806 0.0000
-6.2606 0.0000
-6.2406 0.0000
-6.2206 0.0000
-6.2006 0.0000
-6.1806 0.0000
-6.1606 0.0000
-6.1406 0.0000
-6.1206 0.0000
-6.1006 0.0000
-6.0806 0.0000
-6.0606 0.0000
-6.0406 0.0000
-6.0206 0.0000
-6.0006 0.0000
-5.9806 0.0000
-5.9606 0.0000
-5.9406 0.0000
-5.9206 0.0000
-5.9006 0.0000
-5.8806 0.0000
-5.8606 0.0000
-5.8406 0.0000
-5.8206 0.0000
-5.8006 0.0000
-5.7806 0.0026
-5.7606 0.0172
-5.7406 0.0446
-5.7206 0.0849
-5.7006 0.1466
-5.6806 0.2031
-5.6606 0.2355
-5.6406 0.2675
-5.6206 0.2919
-5.6006 0.3415
-5.5806 0.4446
-5.5606 0.8427
-5.5406 1.2028
-5.5206 1.5352
-5.5006 1.5666
-5.4806 1.4941
-5.4606 1.4183
-5.4406 1.4067
-5.4206 1.4509
-5.4006 1.4936
-5.3806 1.5362
-5.3606 1.6007
-5.3406 1.6728
-5.3206 1.7105
-5.3006 1.7266
-5.2806 1.7361
-5.2606 1.7706
-5.2406 1.8126
-5.2206 1.8549
-5.2006 1.8971
-5.1806 1.9397
-5.1606 1.9841
-5.1406 2.0280
-5.1206 2.0770
-5.1006 2.1375
-5.0806 2.6126
-5.0606 3.3351
-5.0406 3.8322
-5.0206 4.2458
-5.0006 4.6377
-4.9806 4.5134
-4.9606 4.5839
-4.9406 4.7643
-4.9206 5.2169
-4.9006 5.4752
-4.8806 5.5065
-4.8606 5.4301
-4.8406 5.2350
-4.8206 5.3880
-4.8006 6.7260
-4.7806 6.8377
-4.7606 7.1378
-4.7406 6.1375
-4.7206 6.1474
-4.7006 6.0908
-4.6806 6.0452
-4.6606 6.3072
-4.6406 6.2614
-4.6206 6.4051
-4.6006 6.6428
-4.5806 6.9608
-4.5606 7.2277
-4.5406 7.7516
-4.5206 7.3960
-4.5006 7.9088
-4.4806 8.2439
-4.4606 6.8827
-4.4406 6.3639
-4.4206 6.7381
-4.4006 7.0472
-4.3806 7.0756
-4.3606 7.3719
-4.3406 6.5149
-4.3206 6.0578
-4.3006 5.2979
-4.2806 5.1321
-4.2606 5.0765
-4.2406 5.7073
-4.2206 6.8358
-4.2006 8.7724
-4.1806 8.9682
-4.1606 8.5948
-4.1406 9.0402
-4.1206 7.0994
-4.1006 6.5839
-4.0806 6.6790
-4.0606 6.1101
-4.0406 3.2279
-4.0206 3.0761
-4.0006 3.1683
-3.9806 3.3992
-3.9606 3.4799
-3.9406 3.6017
-3.9206 3.8827
-3.9006 5.0126
-3.8806 5.1923
-3.8606 5.0299
-3.8406 4.4338
-3.8206 3.7112
-3.8006 3.5864
-3.7806 3.4492
-3.7606 3.1571
-3.7406 3.2473
-3.7206 3.5330
-3.7006 3.8196
-3.6806 4.0917
-3.6606 5.5112
-3.6406 4.8225
-3.6206 4.4445
-3.6006 4.1714
-3.5806 3.4532
-3.5606 3.1658
-3.5406 2.9765
-3.5206 2.8911
-3.5006 3.0861
-3.4806 3.3179
-3.4606 3.3783
-3.4406 3.4230
-3.4206 3.4642
-3.4006 3.5399
-3.3806 3.6611
-3.3606 3.6802
-3.3406 3.7634
-3.3206 3.8201
-3.3006 3.7550
-3.2806 3.8861
-3.2606 4.0171
-3.2406 4.0909
-3.2206 3.9603
-3.2006 3.7599
-3.1806 3.6455
-3.1606 3.8081
-3.1406 4.1497
-3.1206 4.2945
-3.1006 4.2609
-3.0806 4.1217
-3.0606 4.0111
-3.0406 4.0262
-3.0206 4.0494
-3.0006 4.0611
-2.9806 4.0913
-2.9606 4.2319
-2.9406 4.3998
-2.9206 4.4773
-2.9006 4.4482
-2.8806 4.4081
-2.8606 4.4727
-2.8406 4.4484
-2.8206 4.4084
-2.8006 4.5015
-2.7806 4.5490
-2.7606 4.7327
-2.7406 4.9638
-2.7206 5.1661
-2.7006 5.5234
-2.6806 6.2041
-2.6606 6.1997
-2.6406 6.1303
-2.6206 5.8114
-2.6006 5.6327
-2.5806 5.6006
-2.5606 5.6215
-2.5406 5.7469
-2.5206 6.0174
-2.5006 6.1557
-2.4806 6.3353
-2.4606 6.2008
-2.4406 5.8762
-2.4206 5.2996
-2.4006 5.4383
-2.3806 5.6741
-2.3606 5.6937
-2.3406 5.2322
-2.3206 5.0546
-2.3006 4.8833
-2.2806 4.6738
-2.2606 4.5350
-2.2406 4.4791
-2.2206 4.8949
-2.2006 5.1209
-2.1806 5.6339
-2.1606 5.6604
-2.1406 5.0813
-2.1206 4.9727
-2.1006 4.9403
-2.0806 4.9032
-2.0606 5.0860
-2.0406 5.3041
-2.0206 5.7527
-2.0006 6.5148
-1.9806 6.4534
-1.9606 6.3745
-1.9406 6.6403
-1.9206 7.0213
-1.9006 5.4298
-1.8806 4.9431
-1.8606 4.6527
-1.8406 4.4279
-1.8206 4.6153
-1.8006 5.1106
-1.7806 5.3450
-1.7606 5.0217
-1.7406 5.2632
-1.7206 5.8063
-1.7006 6.3859
-1.6806 6.9254
-1.6606 7.0816
-1.6406 6.4604
-1.6206 5.6331
-1.6006 5.1206
-1.5806 4.9838
-1.5606 5.8264
-1.5406 6.0278
-1.5206 5.6024
-1.5006 5.3869
-1.4806 5.5297
-1.4606 5.3536
-1.4406 5.0045
-1.4206 4.9289
-1.4006 4.6120
-1.3806 4.3570
-1.3606 4.2301
-1.3406 4.6207
-1.3206 4.4272
-1.3006 4.4862
-1.2806 4.7044
-1.2606 4.8561
-1.2406 4.8663
-1.2206 4.8109
-1.2006 5.0923
-1.1806 5.2585
-1.1606 5.3355
-1.1406 5.2421
-1.1206 5.3621
-1.1006 5.2972
-1.0806 5.2445
-1.0606 5.0965
-1.0406 5.0186
-1.0206 4.8180
-1.0006 4.7801
-0.9806 4.9113
-0.9606 5.1158
-0.9406 5.3128
-0.9206 5.4608
-0.9006 5.8984
-0.8806 5.9618
-0.8606 5.6924
-0.8406 5.1933
-0.8206 4.8111
-0.8006 4.4211
-0.7806 3.9066
-0.7606 3.3721
-0.7406 2.9331
-0.7206 2.6061
-0.7006 2.4526
-0.6806 2.4188
-0.6606 2.3762
-0.6406 2.3010
-0.6206 2.0986
-0.6006 1.7042
-0.5806 1.5623
-0.5606 1.4541
-0.5406 1.3602
-0.5206 1.2753
-0.5006 1.2012
-0.4806 1.1379
-0.4606 1.0832
-0.4406 1.0376
-0.4206 0.9984
-0.4006 0.9556
-0.3806 0.9104
-0.3606 0.8592
-0.3406 0.8232
-0.3206 0.7743
-0.3006 0.7313
-0.2806 0.6921
-0.2606 0.6549
-0.2406 0.6205
-0.2206 0.5913
-0.2006 0.5670
-0.1806 0.5262
-0.1606 0.4871
-0.1406 0.4417
-0.1206 0.3923
-0.1006 0.3552
-0.0806 0.3432
-0.0606 0.2899
-0.0406 0.1379
-0.0206 0.0139
-0.0006 0.0000
0.0318 0.0000
0.0646 0.0000
0.0974 0.0000
0.1302 0.0000
0.1630 0.0000
0.1959 0.0000
0.2287 0.0000
0.2615 0.0000
0.2943 0.0000
0.3271 0.0000
0.3599 0.0000
0.3927 0.0000
0.4255 0.0000
0.4584 0.0000
0.4912 0.0000
0.5240 0.0000
0.5568 0.0000
0.5896 0.0000
0.6224 0.0000
0.6552 0.0000
0.6880 0.0000
0.7209 0.0000
0.7537 0.0000
0.7865 0.0000
0.8193 0.0000
0.8521 0.0000
0.8849 0.0000
0.9177 0.0000
0.9506 0.0000
0.9834 0.0000
1.0162 0.0000
1.0490 0.0000
1.0818 0.0000
1.1146 0.0000
1.1474 0.0000
1.1802 0.0000
1.2131 0.0000
1.2459 0.0000
1.2787 0.0000
1.3115 0.0000
1.3443 0.0000
1.3771 0.0000
1.4099 0.0000
1.4427 0.0000
1.4756 0.0000
1.5084 0.0000
1.5412 0.0000
1.5740 0.0000
1.6068 0.0000
1.6396 0.0000
1.6724 0.0000
1.7053 0.0000
1.7381 0.0000
1.7709 0.0000
1.8037 0.0000
1.8365 0.0000
1.8693 0.0000
1.9021 0.0000
1.9349 0.0000
1.9678 0.0000
2.0006 0.0000
2.0334 0.0000
2.0662 0.0000
2.0990 0.0000
2.1318 0.0000
2.1646 0.0000
2.1974 0.0000
2.2303 0.0000
2.2631 0.0000
2.2959 0.0000
2.3287 0.0000
2.3615 0.0000
2.3943 0.0000
2.4271 0.0000
2.4600 0.0000
2.4928 0.0000
2.5256 0.0000
2.5584 0.0000
2.5912 0.0000
2.6240 0.0000
2.6568 0.0000
2.6896 0.0000
2.7225 0.0000
2.7553 0.0000
2.7881 0.0000
2.8209 0.0000
2.8537 0.0000
2.8865 0.0000
2.9193 0.0000
2.9521 0.0000
2.9850 0.0000
3.0178 0.0000
3.0378 0.0071
3.0578 0.0663
3.0778 0.1486
3.0978 0.3279
3.1178 1.1479
3.1378 1.3763
3.1578 1.7582
3.1778 2.1430
3.1978 2.4896
3.2178 3.5924
3.2378 4.0557
3.2578 4.0711
3.2778 4.1456
3.2978 4.2833
3.3178 4.7463
3.3378 4.6537
3.3578 4.6818
3.3778 5.2546
3.3978 4.8310
3.4178 4.7300
3.4378 4.8413
3.4578 4.6755
3.4778 4.5107
3.4978 4.4023
3.5178 4.4002
3.5378 4.4456
3.5578 4.5689
3.5778 4.7717
3.5978 5.0002
3.6178 5.2463
3.6378 5.5673
3.6578 5.8432
3.6778 6.7194
3.6978 7.4626
3.7178 8.7878
3.7378 9.4084
3.7578 8.5221
3.7778 7.2372
3.7978 7.0644
3.8178 7.2319
3.8378 7.7251
3.8578 7.9601
3.8778 7.4250
3.8978 6.9650
3.9178 6.9580
3.9378 6.8880
3.9578 6.6628
3.9778 6.2901
3.9978 6.0892
4.0178 6.0419
4.0378 6.0593
4.0578 5.9960
4.0778 6.0909
4.0978 6.1618
4.1178 6.1862
4.1378 6.6390
4.1578 7.1159
4.1778 7.5970
4.1978 9.9666
4.2178 7.3770
4.2378 7.4690
4.2578 7.3947
4.2778 7.8282
4.2978 8.1892
4.3178 8.8674
4.3378 10.0355
4.3578 12.1817
4.3778 15.7772
4.3978 10.6602
4.4178 9.1963
4.4378 8.8729
4.4578 4.5679
4.4778 3.7255
4.4978 3.8548
4.5178 4.0404
4.5378 4.2334
4.5578 4.7049
4.5778 4.7988
4.5978 4.9525
4.6178 4.8534
4.6378 4.8662
4.6578 4.5198
4.6778 4.1673
4.6978 4.0626
4.7178 3.6999
4.7378 3.6400
4.7578 3.5992
4.7778 3.6388
4.7978 3.6926
4.8178 3.8160
4.8378 4.3919
4.8578 4.8695
4.8778 4.8248
4.8978 5.0517
4.9178 5.1420
4.9378 5.0551
4.9578 5.2176
4.9778 6.2953
4.9978 6.3854
5.0178 6.4788
5.0378 5.9742
5.0578 5.4904
5.0778 3.9757
5.0978 3.3309
5.1178 2.9388
5.1378 2.3147
5.1578 1.7050
5.1778 1.3152
5.1978 1.1618
5.2178 1.1090
5.2378 1.0586
5.2578 1.0005
5.2778 0.9449
5.2978 0.8919
5.3178 0.8412
5.3378 0.7915
5.3578 0.7479
5.3778 0.7176
5.3978 0.6875
5.4178 0.6558
5.4378 0.6231
5.4578 0.5860
5.4778 0.5601
5.4978 0.5327
5.5178 0.4959
5.5378 0.4669
5.5578 0.4362
5.5778 0.4220
5.5978 0.4574
5.6178 0.4895
5.6378 0.5057
5.6578 0.0000
5.6778 0.0000
5.6978 0.0127
5.7178 0.3596
5.7378 0.3002
5.7578 0.2482
5.7778 0.2202
5.7978 0.2145
5.8178 0.2272
5.8378 0.2430
5.8578 0.2602
5.8778 0.2774
5.8978 0.2939
5.9178 0.3099
5.9378 0.3253
5.9578 0.3411
5.9778 0.3539
5.9978 0.3651
6.0178 0.8429
6.0378 1.6830
6.0578 2.8056
6.0778 4.4707
6.0978 4.0122
6.1178 3.3553
6.1378 3.3049
6.1578 3.3017
6.1778 3.3611
6.1978 3.3534
6.2178 3.3546
6.2378 3.3657
6.2578 3.4408
6.2778 3.5559
6.2978 3.6956
6.3178 3.8435
6.3378 3.8414
6.3578 3.6936
6.3778 3.6382
6.3978 3.5423
6.4178 3.2657
6.4378 3.1222
6.4578 2.9563
6.4778 2.7919
6.4978 2.6967
6.5178 2.7180
6.5378 2.6707
6.5578 2.6405
6.5778 2.6248
6.5978 2.6238
6.6178 2.6314
6.6378 2.6484
6.6578 2.6723
6.6778 2.7576
6.6978 2.8237
6.7178 2.8920
6.7378 2.9736
6.7578 3.2685
6.7778 3.2106
6.7978 3.2654
6.8178 3.2978
6.8378 3.3620
6.8578 3.4476
6.8778 3.4994
6.8978 3.4964
6.9178 4.6700
6.9378 3.8482
6.9578 3.3470
6.9778 2.7171
6.9978 2.4497
7.0178 2.3580
7.0378 2.3274
7.0578 2.1600
7.0778 2.2179
7.0978 2.3249
7.1178 2.4109
7.1378 1.9792
7.1578 2.8422
7.1778 3.2496
7.1978 3.3969
7.2178 3.6973
7.2378 4.1019
7.2578 4.5421
7.2778 4.4269
7.2978 4.9066
7.3178 4.8514
7.3378 4.9122
7.3578 5.0201
7.3778 5.2721
7.3978 5.8092
7.4178 5.9982
7.4378 5.7839
7.4578 5.4531
7.4778 5.0421
7.4978 4.8454
7.5178 4.7345
7.5378 4.7315
7.5578 4.8164
7.5778 4.9778
7.5978 5.1301
7.6178 4.7192
7.6378 4.5594
7.6578 4.5399
7.6778 4.2572
7.6978 3.9198
7.7178 3.3712
7.7378 2.7543
7.7578 2.5176
7.7778 2.5234
7.7978 2.5356
7.8178 2.5147
7.8378 2.5102
7.8578 2.5359
7.8778 2.5581
7.8978 2.5881
7.9178 2.6273
7.9378 2.6831
7.9578 2.7533
7.9778 2.8508
7.9978 2.9855
8.0178 3.2907
8.0378 3.5785
8.0578 3.8481
8.0778 4.1944
8.0978 4.4045
8.1178 4.1933
8.1378 3.9482
8.1578 3.3907
8.1778 3.0283
8.1978 2.5887
8.2178 2.0229
8.2378 1.5887
8.2578 1.3787
8.2778 0.6642
8.2978 0.6166
8.3178 0.5739
8.3378 0.5397
8.3578 0.5151
8.3778 0.4997
8.3978 0.4843
8.4178 0.4678
8.4378 0.4451
8.4578 0.4144
8.4778 0.3815
8.4978 0.3702
8.5178 0.3427
8.5378 0.3141
8.5578 0.2868
8.5778 0.2607
8.5978 0.2361
8.6178 0.2158
8.6378 0.2060
8.6578 0.2041
8.6778 0.2000
8.6978 0.1811
8.7178 0.1389
8.7378 0.0823
8.7578 0.0427
8.7778 0.0160
8.7978 0.0021
8.8178 0.0000
8.8378 0.0000
8.8578 0.0000
8.8778 0.0000
8.8978 0.0000
8.9178 0.0000
8.9378 0.0000
8.9578 0.0000
8.9778 0.0000
8.9978 0.0000
9.0178 0.0000
9.0378 0.0000
9.0578 0.0000
9.0778 0.0000
9.0978 0.0007
9.1178 0.0027
9.1378 0.0060
9.1578 0.0106
9.1778 0.0165
9.1978 0.0238
9.2178 0.0324
9.2378 0.0423
9.2578 0.0524
9.2778 0.0614
9.2978 0.0692
9.3178 0.0757
9.3378 0.0811
9.3578 0.0854
9.3778 0.0884
9.3978 0.0902
9.4178 0.0913
9.4378 0.0928
9.4578 0.0946
9.4778 0.0969
9.4978 0.0997
9.5178 0.1028
9.5378 0.1064
9.5578 0.1105
9.5778 0.1149
9.5978 0.1194
9.6178 0.1239
9.6378 0.1286
9.6578 0.1333
9.6778 0.1381
9.6978 0.1430
9.7178 0.1476
9.7378 0.1519
9.7578 0.1557
9.7778 0.1591
9.7978 0.1621
9.8178 0.1647
9.8378 0.1669
9.8578 0.1689
9.8778 0.1711
9.8978 0.1736
9.9178 0.1764
9.9378 0.1793
9.9578 0.1825
9.9778 0.1860
9.9978 0.1897
10.0178 0.1933
10.0378 0.1969
10.0578 0.2005
10.0778 0.2041
10.0978 0.2078
10.1178 0.2114
10.1378 0.2151
10.1578 0.2188
10.1778 0.2225
10.1978 0.2262
10.2178 0.2299
10.2378 0.2336
10.2578 0.2373
10.2778 0.2411
10.2978 0.2450
10.3178 0.2491
10.3378 0.2533
10.3578 0.2577
10.3778 0.2621
10.3978 0.2666
10.4178 0.2711
10.4378 0.2755
10.4578 0.2797
10.4778 0.2839
10.4978 0.2879
10.5178 0.2920
10.5378 0.2961
10.5578 0.3002
10.5778 0.3043
10.5978 0.3085
10.6178 0.3127
10.6378 0.3170
10.6578 0.3213
10.6778 0.3256
10.6978 0.3299
10.7178 0.3342
10.7378 0.3386
10.7578 0.3429
10.7778 0.3473
10.7978 0.3517
10.8178 0.3561
10.8378 0.3605
10.8578 0.3650
10.8778 0.3701
10.8978 0.3755
10.9178 0.3811
10.9378 0.3869
10.9578 0.3927
10.9778 0.3987
10.9978 0.4044
11.0178 0.4100
11.0378 0.4157
11.0578 0.4323
11.0778 0.4530
11.0978 0.4729
11.1178 0.4920
11.1378 0.5102
11.1578 0.5275
11.1778 0.5402
11.1978 0.5443
11.2178 0.5401
11.2378 0.5361
11.2578 0.5323
11.2778 0.5287
11.2978 0.5254
11.3178 0.5270
11.3378 0.5309
11.3578 0.5346
11.3778 0.5381
11.3978 0.5416
11.4178 0.5454
11.4378 0.5494
11.4578 0.5536
11.4778 0.5580
11.4978 0.5622
11.5178 0.5648
11.5378 0.5673
11.5578 0.5693
11.5778 0.5696
11.5978 0.5698
11.6178 0.5711
11.6378 0.5747
11.6578 0.5778
11.6778 0.5804
11.6978 0.5829
11.7178 0.5855
11.7378 0.5880
11.7578 0.6098
11.7778 0.6337
11.7978 0.6589
11.8178 0.6853
11.8378 0.7130
11.8578 0.7343
11.8778 0.7537
11.8978 0.7597
11.9178 0.7652
11.9378 0.7717
11.9578 0.7784
11.9778 0.7862
11.9978 0.8024
12.0178 0.8188
12.0378 0.8338
12.0578 0.8489
12.0778 0.8641
12.0978 0.8792
12.1178 0.8940
12.1378 0.9078
12.1578 0.9218
12.1778 0.9362
12.1978 0.9509
12.2178 0.9659
12.2378 0.9822
12.2578 1.0016
12.2778 1.0207
12.2978 1.0371
12.3178 1.0537
12.3378 1.1106
12.3578 1.1202
12.3778 1.1313
12.3978 1.1439
12.4178 1.1349
12.4378 1.1707
12.4578 1.2265
12.4778 1.2813
12.4978 1.3411
12.5178 1.4068
12.5378 1.4504
12.5578 1.5151
12.5778 1.5196
12.5978 1.5216
12.6178 1.5219
12.6378 1.5197
12.6578 1.5535
12.6778 1.5839
12.6978 1.6129
12.7178 1.6410
12.7378 1.6668
12.7578 1.6918
12.7778 1.7376
12.7978 1.7905
12.8178 1.8283
12.8378 1.8895
12.8578 1.9401
12.8778 2.1647
12.8978 2.5207
12.9178 3.2299
12.9378 2.6905
12.9578 2.3398
12.9778 2.1526
12.9978 2.0760
13.0178 2.0407
13.0378 2.0003
13.0578 2.4992
13.0778 1.9094
13.0978 1.8462
13.1178 1.8054
13.1378 1.7692
13.1578 1.7775
13.1778 1.7183
13.1978 1.6507
13.2178 1.5739
13.2378 1.5169
13.2578 1.4952
13.2778 1.4577
13.2978 1.4144
13.3178 1.3672
13.3378 1.3162
13.3578 1.2661
13.3778 1.2335
13.3978 1.2092
13.4178 1.1891
13.4378 1.1956
13.4578 1.1502
13.4778 1.1427
13.4978 1.1603
13.5178 1.1326
13.5378 1.2837
13.5578 1.4230
13.5778 1.4542
13.5978 0.9520
13.6178 0.9283
13.6378 0.9102
13.6578 0.9013
13.6778 0.9033
13.6978 0.9064
13.7178 0.9072
13.7378 0.9090
13.7578 0.9103
13.7778 0.9066
13.7978 0.9012
13.8178 0.8941
13.8378 0.8853
13.8578 0.8751
13.8778 0.8635
13.8978 0.8510
13.9178 0.8653
13.9378 0.8174
13.9578 0.7693
13.9778 0.7365
13.9978 0.7249
14.0178 0.7062
14.0378 0.6809
14.0578 0.6559
14.0778 0.6313
14.0978 0.6071
14.1178 0.5833
14.1378 0.5599
14.1578 0.5368
14.1778 0.5141
14.1978 0.4918
14.2178 0.4708
14.2378 0.4570
14.2578 0.4460
14.2778 0.4366
14.2978 0.4265
14.3178 0.4159
14.3378 0.4050
14.3578 0.3935
14.3778 0.3814
14.3978 0.3694
14.4178 0.3574
14.4378 0.3453
14.4578 0.3334
14.4778 0.3217
14.4978 0.3103
14.5178 0.2992
14.5378 0.2879
14.5578 0.2745
14.5778 0.2588
14.5978 0.2410
14.6178 0.2298
14.6378 0.2211
14.6578 0.2125
14.6778 0.2040
14.6978 0.1957
14.7178 0.1876
14.7378 0.1795
14.7578 0.1717
14.7778 0.1639
14.7978 0.1563
14.8178 0.1488
14.8378 0.1415
14.8578 0.1343
14.8778 0.1272
14.8978 0.1261
14.9178 0.1388
14.9378 0.1525
14.9578 0.1539
14.9778 0.1424
14.9978 0.0951
15.0178 0.0802
15.0378 0.0667
15.0578 0.0545
15.0778 0.0435
15.0978 0.0339
15.1178 0.0256
15.1378 0.0186
15.1578 0.0127
15.1778 0.0079
15.1978 0.0042
15.2178 0.0017
15.2378 0.0003
15.2578 0.0000
15.2778 0.0000
15.2978 0.0000
15.3178 0.0000
15.3378 0.0000
15.3578 0.0000
15.3778 0.0000
15.3978 0.0000
15.4178 0.0000
15.4378 0.0000
15.4578 0.0000
15.4778 0.0000
15.4978 0.0000
15.5178 0.0000
15.5378 0.0000
15.5578 0.0000
15.5778 0.0000
15.5978 0.0000
15.6178 0.0000
15.6378 0.0000
15.6578 0.0000
15.6778 0.0000
15.6978 0.0000
15.7178 0.0000
15.7378 0.0000
15.7578 0.0000
15.7778 0.0000
15.7978 0.0000
15.8178 0.0000
15.8378 0.0000
15.8578 0.0000
15.8778 0.0000
15.8978 0.0000
15.9178 0.0000
15.9378 0.0000
15.9578 0.0000
15.9778 0.0000
15.9978 0.0000
16.0178 0.0000
16.0378 0.0000
16.0578 0.0000
16.0778 0.0000
16.0978 0.0000
16.1178 0.0000
16.1378 0.0000
16.1578 0.0000
16.1778 0.0000
16.1978 0.0000
16.2178 0.0000
16.2378 0.0000
16.2578 0.0000
16.2778 0.0000
